Bid,Department
,
SPB-30001,개화3팀
SPB-30009,상암1팀
SPB-30010,상암1팀
SPB-30014,개화4팀
SPB-30024,훈련원1팀
SPB-30044,훈련원3팀
SPB-30053,중랑1팀
SPB-30055,훈련원3팀
SPB-30057,상암1팀
SPB-30061,세종로2팀
SPB-30070,훈련원4팀
SPB-30071,상암1팀
SPB-30074,상암1팀
SPB-30091,상암1팀
SPB-30098,상암1팀
SPB-30103,상암1팀
SPB-30108,영남3팀
SPB-30110,영남1팀
SPB-30111,영남3팀
SPB-30114,상암1팀
SPB-30117,세종로2팀
SPB-30119,훈련원4팀
SPB-30120,중랑2팀
SPB-30128,영남3팀
SPB-30140,중랑1팀
SPB-30141,영남2팀
SPB-30143,상암1팀
SPB-30144,중랑2팀
SPB-30146,영남3팀
SPB-30149,상암2팀
SPB-30155,영남1팀
SPB-30160,영남3팀
SPB-30162,훈련원3팀
SPB-30165,중랑2팀
SPB-30173,중랑1팀
SPB-30175,중랑1팀
SPB-30180,천왕1팀
SPB-30182,영남3팀
SPB-30191,중랑2팀
SPB-30192,영남1팀
SPB-30200,영남3팀
SPB-30213,개화3팀
SPB-30222,훈련원3팀
SPB-30223,중랑2팀
SPB-30230,훈련원1팀
SPB-30234,영남1팀
SPB-30237,세종로1팀
SPB-30239,영남1팀
SPB-30240,중랑2팀
SPB-30241,개화4팀
SPB-30243,개화2팀
SPB-30245,훈련원1팀
SPB-30246,영남3팀
SPB-30252,세종로2팀
SPB-30258,상암2팀
SPB-30259,훈련원3팀
SPB-30264,상암1팀
SPB-30265,중랑1팀
SPB-30267,훈련원3팀
SPB-30269,훈련원1팀
SPB-30271,상암2팀
SPB-30273,상암2팀
SPB-30278,영남1팀
SPB-30282,영남1팀
SPB-30290,훈련원3팀
SPB-30291,중랑1팀
SPB-30299,상암1팀
SPB-30304,영남3팀
SPB-30308,개화4팀
SPB-30310,영남1팀
SPB-30317,상암2팀
SPB-30319,훈련원1팀
SPB-30325,상암1팀
SPB-30326,중랑1팀
SPB-30328,상암1팀
SPB-30332,상암1팀
SPB-30334,상암1팀
SPB-30335,훈련원4팀
SPB-30341,중랑1팀
SPB-30346,영남3팀
SPB-30347,중랑2팀
SPB-30351,영남1팀
SPB-30352,훈련원4팀
SPB-30356,영남3팀
SPB-30358,영남1팀
SPB-30364,영남3팀
SPB-30369,영남1팀
SPB-30370,상암1팀
SPB-30371,훈련원4팀
SPB-30372,영남1팀
SPB-30387,중랑2팀
SPB-30391,상암1팀
SPB-30392,훈련원3팀
SPB-30401,상암1팀
SPB-30405,영남1팀
SPB-30413,세종로2팀
SPB-30414,중랑2팀
SPB-30416,영남3팀
SPB-30417,개화3팀
SPB-30419,상암1팀
SPB-30420,개화4팀
SPB-30426,훈련원4팀
SPB-30428,상암1팀
SPB-30434,영남1팀
SPB-30435,중랑2팀
SPB-30445,훈련원4팀
SPB-30450,중랑1팀
SPB-30455,훈련원1팀
SPB-30459,훈련원4팀
SPB-30460,중랑1팀
SPB-30463,중랑2팀
SPB-30464,훈련원4팀
SPB-30478,세종로 4팀
SPB-30480,훈련원4팀
SPB-30481,상암2팀
SPB-30483,영남1팀
SPB-30485,영남1팀
SPB-30486,영남1팀
SPB-30489,영남3팀
SPB-30496,상암1팀
SPB-30500,중랑2팀
SPB-30502,중랑1팀
SPB-30509,영남1팀
SPB-30511,개화4팀
SPB-30520,중랑2팀
SPB-30524,중랑2팀
SPB-30532,영남1팀
SPB-30535,상암1팀
SPB-30539,영남3팀
SPB-30553,훈련원4팀
SPB-30556,훈련원3팀
SPB-30561,개화4팀
SPB-30566,영남3팀
SPB-30574,개화4팀
SPB-30581,영남3팀
SPB-30582,중랑1팀
SPB-30586,훈련원1팀
SPB-30587,영남1팀
SPB-30588,상암1팀
SPB-30591,중랑1팀
SPB-30597,영남1팀
SPB-30600,개화3팀
SPB-30603,영남3팀
SPB-30604,상암1팀
SPB-30606,영남3팀
SPB-30607,영남1팀
SPB-30608,상암1팀
SPB-30610,영남1팀
SPB-30615,영남1팀
SPB-30619,개화3팀
SPB-30622,훈련원3팀
SPB-30625,개화3팀
SPB-30630,세종로 4팀
SPB-30631,중랑2팀
SPB-30634,상암1팀
SPB-30645,개화3팀
SPB-30648,영남1팀
SPB-30653,개화3팀
SPB-30654,개화3팀
SPB-30659,훈련원1팀
SPB-30664,영남3팀
SPB-30675,영남3팀
SPB-30677,영남3팀
SPB-30678,중랑1팀
SPB-30685,중랑1팀
SPB-30689,중랑2팀
SPB-30691,상암1팀
SPB-30692,영남3팀
SPB-30693,훈련원1팀
SPB-30707,개화4팀
SPB-30710,중랑2팀
SPB-30716,상암1팀
SPB-30719,중랑2팀
SPB-30723,상암2팀
SPB-30725,중랑1팀
SPB-30727,상암1팀
SPB-30737,영남1팀
SPB-30741,훈련원4팀
SPB-30747,훈련원3팀
SPB-30761,상암1팀
SPB-30763,영남1팀
SPB-30771,상암1팀
SPB-30776,중랑2팀
SPB-30778,세종로1팀
SPB-30780,중랑1팀
SPB-30781,영남3팀
SPB-30782,영남1팀
SPB-30783,영남3팀
SPB-30784,세종로1팀
SPB-30785,중랑1팀
SPB-30790,중랑2팀
SPB-30793,상암1팀
SPB-30796,중랑1팀
SPB-30800,훈련원4팀
SPB-30803,영남1팀
SPB-30805,상암1팀
SPB-30807,중랑2팀
SPB-30809,천왕1팀
SPB-30816,영남3팀
SPB-30820,중랑2팀
SPB-30821,훈련원4팀
SPB-30823,훈련원3팀
SPB-30824,영남1팀
SPB-30827,영남1팀
SPB-30831,훈련원3팀
SPB-30833,개화3팀
SPB-30837,중랑1팀
SPB-30841,상암1팀
SPB-30844,상암1팀
SPB-30849,상암1팀
SPB-30850,상암1팀
SPB-30853,중랑1팀
SPB-30855,훈련원3팀
SPB-30861,영남3팀
SPB-30871,영남1팀
SPB-30873,중랑2팀
SPB-30877,중랑1팀
SPB-30878,상암1팀
SPB-30883,훈련원3팀
SPB-30885,훈련원1팀
SPB-30896,상암1팀
SPB-30912,개화3팀
SPB-30930,중랑1팀
SPB-30931,영남1팀
SPB-30935,영남3팀
SPB-30938,중랑1팀
SPB-30944,개화4팀
SPB-30945,훈련원4팀
SPB-30954,세종로 4팀
SPB-30955,영남1팀
SPB-30966,상암1팀
SPB-30967,영남3팀
SPB-30969,상암1팀
SPB-30970,세종로2팀
SPB-30980,상암1팀
SPB-30983,영남3팀
SPB-30989,훈련원4팀
SPB-30998,훈련원1팀
SPB-31001,훈련원1팀
SPB-31004,세종로1팀
SPB-31011,훈련원1팀
SPB-31014,세종로 4팀
SPB-31016,상암2팀
SPB-31017,중랑1팀
SPB-31018,영남1팀
SPB-31020,영남1팀
SPB-31022,훈련원3팀
SPB-31026,훈련원1팀
SPB-31027,천왕1팀
SPB-31028,중랑2팀
SPB-31029,훈련원3팀
SPB-31035,천왕1팀
SPB-31038,중랑2팀
SPB-31044,중랑2팀
SPB-31045,영남1팀
SPB-31047,개화4팀
SPB-31049,중랑2팀
SPB-31051,개화3팀
SPB-31054,영남1팀
SPB-31055,중랑2팀
SPB-31056,중랑1팀
SPB-31058,개화4팀
SPB-31059,중랑2팀
SPB-31067,상암1팀
SPB-31075,세종로2팀
SPB-31078,중랑1팀
SPB-31079,상암1팀
SPB-31084,영남1팀
SPB-31086,중랑2팀
SPB-31088,상암1팀
SPB-31091,상암1팀
SPB-31092,세종로2팀
SPB-31094,상암1팀
SPB-31097,훈련원4팀
SPB-31099,훈련원4팀
SPB-31102,개화4팀
SPB-31103,개화3팀
SPB-31118,훈련원4팀
SPB-31122,상암1팀
SPB-31124,영남1팀
SPB-31125,개화4팀
SPB-31126,영남1팀
SPB-31127,중랑2팀
SPB-31130,중랑1팀
SPB-31132,훈련원1팀
SPB-31135,영남3팀
SPB-31141,훈련원4팀
SPB-31146,상암1팀
SPB-31147,영남1팀
SPB-31152,상암1팀
SPB-31157,훈련원3팀
SPB-31167,상암1팀
SPB-31169,상암2팀
SPB-31176,중랑2팀
SPB-31181,중랑2팀
SPB-31183,중랑2팀
SPB-31185,영남1팀
SPB-31190,세종로2팀
SPB-31192,영남1팀
SPB-31194,영남3팀
SPB-31197,상암1팀
SPB-31200,영남1팀
SPB-31201,영남1팀
SPB-31203,훈련원3팀
SPB-31204,훈련원3팀
SPB-31205,중랑2팀
SPB-31207,영남3팀
SPB-31215,상암2팀
SPB-31216,개화3팀
SPB-31223,천왕1팀
SPB-31226,개화3팀
SPB-31227,영남1팀
SPB-31228,세종로2팀
SPB-31231,영남1팀
SPB-31234,세종로2팀
SPB-31235,중랑2팀
SPB-31239,상암1팀
SPB-31240,상암1팀
SPB-31242,영남3팀
SPB-31246,개화4팀
SPB-31257,훈련원1팀
SPB-31265,상암2팀
SPB-31266,훈련원1팀
SPB-31272,훈련원4팀
SPB-31275,영남1팀
SPB-31276,상암1팀
SPB-31279,영남3팀
SPB-31280,영남1팀
SPB-31281,영남1팀
SPB-31284,중랑1팀
SPB-31286,세종로2팀
SPB-31291,훈련원4팀
SPB-31294,상암1팀
SPB-31297,영남1팀
SPB-31298,영남1팀
SPB-31300,영남3팀
SPB-31301,상암1팀
SPB-31305,개화3팀
SPB-31306,훈련원3팀
SPB-31307,훈련원3팀
SPB-31308,중랑1팀
SPB-31313,상암1팀
SPB-31315,세종로2팀
SPB-31318,영남1팀
SPB-31320,상암2팀
SPB-31327,영남1팀
SPB-31328,훈련원4팀
SPB-31329,영남3팀
SPB-31331,영남1팀
SPB-31333,상암1팀
SPB-31334,영남1팀
SPB-31342,훈련원3팀
SPB-31347,상암1팀
SPB-31349,세종로2팀
SPB-31353,영남1팀
SPB-31355,영남1팀
SPB-31360,영남3팀
SPB-31361,상암1팀
SPB-31364,영남1팀
SPB-31368,영남1팀
SPB-31375,세종로1팀
SPB-31376,영남3팀
SPB-31378,훈련원1팀
SPB-31379,훈련원3팀
SPB-31382,중랑2팀
SPB-31388,중랑2팀
SPB-31389,중랑1팀
SPB-31390,중랑1팀
SPB-31393,개화4팀
SPB-31400,훈련원1팀
SPB-31401,개화4팀
SPB-31403,영남1팀
SPB-31407,영남1팀
SPB-31409,개화4팀
SPB-31411,훈련원1팀
SPB-31415,영남3팀
SPB-31425,훈련원4팀
SPB-31428,상암1팀
SPB-31429,세종로 4팀
SPB-31432,훈련원4팀
SPB-31437,중랑1팀
SPB-31445,훈련원1팀
SPB-31447,훈련원3팀
SPB-31457,세종로2팀
SPB-31463,훈련원4팀
SPB-31468,중랑2팀
SPB-31469,상암1팀
SPB-31470,훈련원3팀
SPB-31472,세종로1팀
SPB-31474,영남3팀
SPB-31475,세종로 4팀
SPB-31478,중랑2팀
SPB-31479,영남3팀
SPB-31482,훈련원4팀
SPB-31483,세종로1팀
SPB-31485,영남3팀
SPB-31486,영남1팀
SPB-31487,세종로 4팀
SPB-31488,영남1팀
SPB-31490,훈련원4팀
SPB-31506,중랑2팀
SPB-31508,훈련원1팀
SPB-31509,중랑1팀
SPB-31510,중랑2팀
SPB-31512,훈련원4팀
SPB-31518,상암1팀
SPB-31521,상암1팀
SPB-31523,영남3팀
SPB-31524,영남3팀
SPB-31526,개화2팀
SPB-31528,영남3팀
SPB-31538,영남1팀
SPB-31539,영남3팀
SPB-31541,상암2팀
SPB-31547,상암1팀
SPB-31553,영남3팀
SPB-31556,영남1팀
SPB-31561,상암1팀
SPB-31562,개화2팀
SPB-31569,훈련원4팀
SPB-31578,상암1팀
SPB-31583,훈련원3팀
SPB-31588,중랑2팀
SPB-31589,훈련원1팀
SPB-31591,상암1팀
SPB-31592,중랑1팀
SPB-31594,훈련원1팀
SPB-31596,상암1팀
SPB-31598,상암1팀
SPB-31600,천왕1팀
SPB-31601,상암1팀
SPB-31603,세종로2팀
SPB-31604,영남1팀
SPB-31605,영남1팀
SPB-31606,세종로1팀
SPB-31611,상암1팀
SPB-31612,훈련원1팀
SPB-31614,영남1팀
SPB-31616,영남3팀
SPB-31628,영남3팀
SPB-31630,중랑2팀
SPB-31631,중랑2팀
SPB-31634,훈련원1팀
SPB-31636,영남1팀
SPB-31640,훈련원3팀
SPB-31641,상암1팀
SPB-31644,영남1팀
SPB-31653,훈련원1팀
SPB-31657,훈련원4팀
SPB-31660,영남1팀
SPB-31662,영남3팀
SPB-31664,상암2팀
SPB-31665,훈련원3팀
SPB-31667,세종로2팀
SPB-31668,상암1팀
SPB-31669,영남3팀
SPB-31670,훈련원4팀
SPB-31672,상암1팀
SPB-31673,영남3팀
SPB-31674,상암1팀
SPB-31675,상암1팀
SPB-31692,영남1팀
SPB-31697,영남3팀
SPB-31705,상암2팀
SPB-31709,영남3팀
SPB-31710,중랑2팀
SPB-31717,영남3팀
SPB-31725,훈련원1팀
SPB-31727,상암2팀
SPB-31750,중랑2팀
SPB-31753,훈련원1팀
SPB-31763,개화4팀
SPB-31769,세종로1팀
SPB-31774,훈련원4팀
SPB-31775,천왕1팀
SPB-31776,상암1팀
SPB-31785,훈련원1팀
SPB-31786,상암2팀
SPB-31787,훈련원1팀
SPB-31791,개화3팀
SPB-31793,훈련원4팀
SPB-31795,영남1팀
SPB-31805,상암2팀
SPB-31808,영남3팀
SPB-31810,중랑1팀
SPB-31814,개화4팀
SPB-31819,중랑1팀
SPB-31822,중랑2팀
SPB-31823,영남3팀
SPB-31824,중랑2팀
SPB-31827,영남1팀
SPB-31829,세종로2팀
SPB-31837,영남3팀
SPB-31839,훈련원3팀
SPB-31843,상암1팀
SPB-31847,상암2팀
SPB-31855,상암1팀
SPB-31856,상암1팀
SPB-31857,중랑2팀
SPB-31861,상암1팀
SPB-31871,훈련원1팀
SPB-31872,영남3팀
SPB-31876,영남1팀
SPB-31882,상암1팀
SPB-31884,영남1팀
SPB-31885,중랑1팀
SPB-31889,훈련원3팀
SPB-31896,훈련원4팀
SPB-31897,상암1팀
SPB-31899,영남1팀
SPB-31901,개화3팀
SPB-31904,중랑2팀
SPB-31906,영남1팀
SPB-31916,중랑1팀
SPB-31922,상암1팀
SPB-31929,중랑1팀
SPB-31934,중랑2팀
SPB-31940,상암2팀
SPB-31943,상암1팀
SPB-31944,상암1팀
SPB-31948,영남3팀
SPB-31952,중랑2팀
SPB-31953,중랑1팀
SPB-31955,세종로2팀
SPB-31958,상암1팀
SPB-31959,영남3팀
SPB-31962,상암2팀
SPB-31966,상암1팀
SPB-31969,개화3팀
SPB-31970,개화4팀
SPB-31971,영남3팀
SPB-31980,상암1팀
SPB-31986,훈련원1팀
SPB-31992,세종로2팀
SPB-31994,개화4팀
SPB-31996,영남3팀
SPB-31999,상암2팀
SPB-32000,개화4팀
SPB-32003,영남1팀
SPB-32004,영남3팀
SPB-32008,상암1팀
SPB-32018,영남1팀
SPB-32019,상암1팀
SPB-32021,훈련원3팀
SPB-32025,훈련원4팀
SPB-32026,중랑1팀
SPB-32033,개화4팀
SPB-32036,상암1팀
SPB-32037,훈련원1팀
SPB-32039,영남1팀
SPB-32042,상암1팀
SPB-32044,영남1팀
SPB-32049,영남3팀
SPB-32050,훈련원4팀
SPB-32051,훈련원3팀
SPB-32060,영남1팀
SPB-32062,영남3팀
SPB-32064,영남3팀
SPB-32066,중랑2팀
SPB-32067,중랑2팀
SPB-32069,영남1팀
SPB-32072,영남3팀
SPB-32074,세종로1팀
SPB-32077,상암1팀
SPB-32079,세종로2팀
SPB-32080,천왕1팀
SPB-32081,상암1팀
SPB-32082,상암1팀
SPB-32085,중랑1팀
SPB-32088,중랑2팀
SPB-32092,상암1팀
SPB-32094,세종로1팀
SPB-32097,영남1팀
SPB-32108,세종로2팀
SPB-32109,중랑1팀
SPB-32111,상암1팀
SPB-32115,영남3팀
SPB-32118,중랑2팀
SPB-32121,중랑1팀
SPB-32139,훈련원3팀
SPB-32140,영남3팀
SPB-32141,상암1팀
SPB-32154,중랑1팀
SPB-32165,중랑2팀
SPB-32167,훈련원3팀
SPB-32171,상암1팀
SPB-32187,중랑2팀
SPB-32190,개화3팀
SPB-32197,훈련원4팀
SPB-32198,영남3팀
SPB-32199,영남1팀
SPB-32202,영남1팀
SPB-32208,상암1팀
SPB-32212,영남1팀
SPB-32214,중랑2팀
SPB-32215,상암2팀
SPB-32219,상암1팀
SPB-32222,영남1팀
SPB-32225,영남3팀
SPB-32236,영남3팀
SPB-32237,영남1팀
SPB-32241,상암1팀
SPB-32246,세종로1팀
SPB-32247,세종로 4팀
SPB-32251,개화4팀
SPB-32258,훈련원1팀
SPB-32263,영남1팀
SPB-32267,상암1팀
SPB-32268,상암1팀
SPB-32276,영남3팀
SPB-32279,훈련원4팀
SPB-32285,영남1팀
SPB-32288,중랑1팀
SPB-32296,상암1팀
SPB-32299,중랑2팀
SPB-32306,훈련원4팀
SPB-32309,훈련원4팀
SPB-32322,중랑1팀
SPB-32325,세종로1팀
SPB-32327,영남3팀
SPB-32328,세종로2팀
SPB-32336,상암1팀
SPB-32337,영남1팀
SPB-32341,영남1팀
SPB-32343,개화4팀
SPB-32345,영남3팀
SPB-32354,상암1팀
SPB-32356,중랑2팀
SPB-32367,영남1팀
SPB-32368,훈련원1팀
SPB-32372,개화3팀
SPB-32377,세종로2팀
SPB-32378,상암1팀
SPB-32384,중랑1팀
SPB-32393,훈련원3팀
SPB-32404,상암1팀
SPB-32408,상암1팀
SPB-32410,개화3팀
SPB-32417,상암1팀
SPB-32418,상암2팀
SPB-32426,훈련원3팀
SPB-32432,세종로1팀
SPB-32433,상암1팀
SPB-32435,훈련원4팀
SPB-32441,개화3팀
SPB-32442,훈련원4팀
SPB-32448,상암1팀
SPB-32450,영남3팀
SPB-32451,영남3팀
SPB-32462,중랑1팀
SPB-32470,훈련원1팀
SPB-32479,영남3팀
SPB-32481,영남3팀
SPB-32482,세종로2팀
SPB-32486,영남3팀
SPB-32489,세종로 4팀
SPB-32492,상암1팀
SPB-32494,영남1팀
SPB-32505,중랑2팀
SPB-32508,영남1팀
SPB-32510,개화3팀
SPB-32513,훈련원3팀
SPB-32515,상암1팀
SPB-32520,훈련원1팀
SPB-32524,훈련원1팀
SPB-32527,훈련원1팀
SPB-32533,영남1팀
SPB-32536,훈련원1팀
SPB-32539,훈련원4팀
SPB-32542,훈련원4팀
SPB-32543,중랑2팀
SPB-32549,세종로2팀
SPB-32555,훈련원4팀
SPB-32563,상암1팀
SPB-32564,훈련원1팀
SPB-32566,상암1팀
SPB-32567,개화4팀
SPB-32570,영남1팀
SPB-32571,중랑1팀
SPB-32582,개화3팀
SPB-32583,중랑2팀
SPB-32585,영남3팀
SPB-32598,중랑1팀
SPB-32605,영남1팀
SPB-32607,상암1팀
SPB-32619,영남3팀
SPB-32620,영남1팀
SPB-32625,상암1팀
SPB-32627,훈련원3팀
SPB-32631,개화4팀
SPB-32632,중랑1팀
SPB-32639,영남1팀
SPB-32640,영남1팀
SPB-32643,영남1팀
SPB-32644,중랑2팀
SPB-32650,영남1팀
SPB-32653,영남3팀
SPB-32654,영남1팀
SPB-32655,훈련원1팀
SPB-32656,중랑1팀
SPB-32658,세종로2팀
SPB-32661,개화2팀
SPB-32668,개화3팀
SPB-32670,훈련원1팀
SPB-32671,영남3팀
SPB-32675,훈련원3팀
SPB-32679,영남1팀
SPB-32683,훈련원3팀
SPB-32684,중랑2팀
SPB-32689,영남3팀
SPB-32699,중랑2팀
SPB-32710,중랑2팀
SPB-32717,상암1팀
SPB-32721,영남3팀
SPB-32722,영남3팀
SPB-32727,중랑1팀
SPB-32731,중랑1팀
SPB-32733,중랑2팀
SPB-32734,상암1팀
SPB-32735,상암1팀
SPB-32744,개화3팀
SPB-32752,중랑2팀
SPB-32753,영남1팀
SPB-32757,중랑1팀
SPB-32759,개화3팀
SPB-32760,상암1팀
SPB-32774,상암1팀
SPB-32778,중랑2팀
SPB-32782,영남3팀
SPB-32785,영남1팀
SPB-32787,영남3팀
SPB-32788,개화2팀
SPB-32789,중랑1팀
SPB-32792,상암1팀
SPB-32793,중랑1팀
SPB-32804,상암1팀
SPB-32811,세종로1팀
SPB-32831,세종로1팀
SPB-32835,상암1팀
SPB-32837,개화4팀
SPB-32839,중랑1팀
SPB-32845,상암1팀
SPB-32849,영남1팀
SPB-32855,중랑1팀
SPB-32860,훈련원4팀
SPB-32869,상암2팀
SPB-32871,훈련원3팀
SPB-32877,상암2팀
SPB-32880,상암1팀
SPB-32882,훈련원4팀
SPB-32886,훈련원4팀
SPB-32897,훈련원4팀
SPB-32902,영남1팀
SPB-32906,훈련원3팀
SPB-32907,상암1팀
SPB-32913,중랑1팀
SPB-32917,영남3팀
SPB-32925,중랑2팀
SPB-32926,영남3팀
SPB-32928,세종로2팀
SPB-32929,개화3팀
SPB-32930,상암1팀
SPB-32933,개화4팀
SPB-32935,훈련원4팀
SPB-32938,개화4팀
SPB-32940,영남3팀
SPB-32942,훈련원3팀
SPB-32949,개화4팀
SPB-32957,세종로1팀
SPB-32959,상암1팀
SPB-32965,훈련원3팀
SPB-32968,영남1팀
SPB-32969,상암1팀
SPB-32970,상암1팀
SPB-32972,상암1팀
SPB-32973,중랑2팀
SPB-32979,상암1팀
SPB-32980,영남3팀
SPB-32984,훈련원4팀
SPB-32988,훈련원3팀
SPB-32991,상암1팀
SPB-32993,훈련원3팀
SPB-32996,개화4팀
SPB-32997,세종로2팀
SPB-33000,영남3팀
SPB-33008,영남1팀
SPB-33009,영남1팀
SPB-33013,훈련원4팀
SPB-33014,중랑2팀
SPB-33019,상암1팀
SPB-33020,영남1팀
SPB-33023,상암1팀
SPB-33025,영남3팀
SPB-33035,훈련원4팀
SPB-33037,훈련원4팀
SPB-33040,상암1팀
SPB-33041,중랑1팀
SPB-33042,중랑2팀
SPB-33044,훈련원4팀
SPB-33045,개화4팀
SPB-33047,훈련원3팀
SPB-33049,훈련원4팀
SPB-33051,훈련원1팀
SPB-33054,개화4팀
SPB-33055,영남1팀
SPB-33061,중랑2팀
SPB-33062,영남3팀
SPB-33067,훈련원1팀
SPB-33072,상암1팀
SPB-33074,영남3팀
SPB-33078,중랑2팀
SPB-33079,영남1팀
SPB-33081,훈련원1팀
SPB-33082,영남3팀
SPB-33087,영남1팀
SPB-33101,상암1팀
SPB-33107,상암1팀
SPB-33110,영남3팀
SPB-33112,중랑1팀
SPB-33114,중랑1팀
SPB-33115,영남3팀
SPB-33119,영남1팀
SPB-33126,훈련원3팀
SPB-33127,영남1팀
SPB-33130,세종로2팀
SPB-33135,개화3팀
SPB-33136,훈련원4팀
SPB-33137,세종로2팀
SPB-33147,중랑1팀
SPB-33148,중랑2팀
SPB-33149,영남1팀
SPB-33159,세종로2팀
SPB-33165,훈련원4팀
SPB-33168,훈련원3팀
SPB-33171,상암1팀
SPB-33177,영남1팀
SPB-33182,훈련원4팀
SPB-33187,세종로2팀
SPB-33189,상암1팀
SPB-33206,중랑1팀
SPB-33208,영남3팀
SPB-33214,훈련원4팀
SPB-33218,상암1팀
SPB-33221,훈련원3팀
SPB-33222,영남1팀
SPB-33229,세종로2팀
SPB-33234,상암2팀
SPB-33241,영남3팀
SPB-33246,개화3팀
SPB-33254,영남1팀
SPB-33256,중랑2팀
SPB-33261,훈련원1팀
SPB-33262,세종로1팀
SPB-33267,영남3팀
SPB-33269,중랑2팀
SPB-33270,영남3팀
SPB-33284,영남2팀
SPB-33285,상암1팀
SPB-33287,중랑2팀
SPB-33289,상암2팀
SPB-33293,영남3팀
SPB-33296,상암1팀
SPB-33297,세종로 4팀
SPB-33298,훈련원1팀
SPB-33301,훈련원1팀
SPB-33303,영남3팀
SPB-33304,중랑2팀
SPB-33323,중랑2팀
SPB-33325,훈련원1팀
SPB-33328,훈련원1팀
SPB-33331,훈련원1팀
SPB-33336,개화4팀
SPB-33337,영남1팀
SPB-33338,훈련원3팀
SPB-33339,훈련원3팀
SPB-33340,영남1팀
SPB-33341,영남3팀
SPB-33346,상암1팀
SPB-33352,상암1팀
SPB-33353,영남1팀
SPB-33355,훈련원4팀
SPB-33359,영남3팀
SPB-33367,훈련원3팀
SPB-33374,훈련원3팀
SPB-33376,중랑1팀
SPB-33378,상암1팀
SPB-33383,훈련원3팀
SPB-33389,상암1팀
SPB-33391,영남1팀
SPB-33393,중랑2팀
SPB-33401,상암1팀
SPB-33403,영남1팀
SPB-33404,중랑2팀
SPB-33413,상암1팀
SPB-33414,영남1팀
SPB-33416,영남1팀
SPB-33418,영남1팀
SPB-33429,훈련원4팀
SPB-33433,훈련원4팀
SPB-33434,영남1팀
SPB-33436,개화3팀
SPB-33437,훈련원3팀
SPB-33439,중랑2팀
SPB-33440,중랑2팀
SPB-33448,훈련원4팀
SPB-33449,영남3팀
SPB-33451,중랑1팀
SPB-33455,개화3팀
SPB-33457,상암2팀
SPB-33460,영남1팀
SPB-33465,상암2팀
SPB-33466,영남3팀
SPB-33470,개화3팀
SPB-33471,영남1팀
SPB-33472,영남3팀
SPB-33477,중랑2팀
SPB-33481,중랑1팀
SPB-33483,세종로1팀
SPB-33484,상암1팀
SPB-33485,영남1팀
SPB-33486,영남3팀
SPB-33494,중랑1팀
SPB-33496,중랑2팀
SPB-33497,영남3팀
SPB-33502,중랑1팀
SPB-33505,중랑2팀
SPB-33511,개화4팀
SPB-33515,개화3팀
SPB-33517,개화4팀
SPB-33520,개화4팀
SPB-33522,개화3팀
SPB-33526,훈련원3팀
SPB-33533,상암2팀
SPB-33535,중랑1팀
SPB-33539,개화3팀
SPB-33550,상암1팀
SPB-33553,영남1팀
SPB-33556,중랑1팀
SPB-33558,영남1팀
SPB-33564,세종로1팀
SPB-33571,영남1팀
SPB-33572,상암2팀
SPB-33578,중랑2팀
SPB-33581,개화3팀
SPB-33585,상암1팀
SPB-33586,개화4팀
SPB-33591,중랑1팀
SPB-33602,영남1팀
SPB-33605,상암1팀
SPB-33617,개화3팀
SPB-33620,상암1팀
SPB-33629,상암1팀
SPB-33634,훈련원4팀
SPB-33641,상암2팀
SPB-33650,세종로2팀
SPB-33651,개화3팀
SPB-33652,중랑2팀
SPB-33654,훈련원4팀
SPB-33659,상암1팀
SPB-33660,개화3팀
SPB-33668,상암2팀
SPB-33673,개화3팀
SPB-33675,영남1팀
SPB-33680,상암1팀
SPB-33683,훈련원4팀
SPB-33684,훈련원1팀
SPB-33686,개화4팀
SPB-33689,영남1팀
SPB-33690,중랑1팀
SPB-33696,영남1팀
SPB-33706,영남1팀
SPB-33711,영남3팀
SPB-33712,영남3팀
SPB-33715,상암1팀
SPB-33717,훈련원3팀
SPB-33720,훈련원4팀
SPB-33723,훈련원1팀
SPB-33744,상암1팀
SPB-33759,상암2팀
SPB-33761,상암1팀
SPB-33769,훈련원4팀
SPB-33774,훈련원1팀
SPB-33777,중랑2팀
SPB-33784,영남3팀
SPB-33785,중랑1팀
SPB-33792,개화4팀
SPB-33793,영남3팀
SPB-33795,훈련원1팀
SPB-33797,상암2팀
SPB-33798,훈련원4팀
SPB-33799,상암1팀
SPB-33800,중랑1팀
SPB-33802,중랑2팀
SPB-33805,훈련원3팀
SPB-33811,훈련원4팀
SPB-33818,영남1팀
SPB-33819,상암1팀
SPB-33820,개화3팀
SPB-33824,상암2팀
SPB-33826,중랑1팀
SPB-33828,상암1팀
SPB-33832,상암1팀
SPB-33833,상암1팀
SPB-33852,훈련원3팀
SPB-33860,영남1팀
SPB-33861,훈련원4팀
SPB-33863,중랑2팀
SPB-33865,영남3팀
SPB-33868,영남3팀
SPB-33878,상암1팀
SPB-33881,훈련원1팀
SPB-33882,중랑1팀
SPB-33883,상암1팀
SPB-33885,훈련원1팀
SPB-33887,천왕1팀
SPB-33888,영남1팀
SPB-33889,상암1팀
SPB-33890,훈련원3팀
SPB-33897,중랑1팀
SPB-33899,영남1팀
SPB-33905,상암1팀
SPB-33906,개화4팀
SPB-33911,개화4팀
SPB-33912,중랑2팀
SPB-33916,세종로1팀
SPB-33921,훈련원1팀
SPB-33926,중랑1팀
SPB-33932,영남1팀
SPB-33934,훈련원4팀
SPB-33953,훈련원1팀
SPB-33954,상암2팀
SPB-33955,상암1팀
SPB-33956,상암1팀
SPB-33961,훈련원4팀
SPB-33964,훈련원1팀
SPB-33966,개화3팀
SPB-33970,영남1팀
SPB-33976,영남3팀
SPB-33983,훈련원1팀
SPB-33985,개화3팀
SPB-33989,개화3팀
SPB-33996,영남1팀
SPB-34002,상암2팀
SPB-34011,상암1팀
SPB-34019,영남1팀
SPB-34020,중랑2팀
SPB-34022,상암1팀
SPB-34040,개화4팀
SPB-34046,훈련원3팀
SPB-34049,개화3팀
SPB-34051,중랑1팀
SPB-34052,훈련원1팀
SPB-34065,상암1팀
SPB-34067,상암1팀
SPB-34072,중랑2팀
SPB-34083,영남1팀
SPB-34085,훈련원3팀
SPB-34088,훈련원1팀
SPB-34089,훈련원1팀
SPB-34090,영남3팀
SPB-34092,훈련원4팀
SPB-34100,영남1팀
SPB-34102,중랑2팀
SPB-34106,중랑2팀
SPB-34108,영남1팀
SPB-34110,개화4팀
SPB-34112,상암1팀
SPB-34118,중랑2팀
SPB-34120,영남1팀
SPB-34125,상암1팀
SPB-34127,훈련원4팀
SPB-34134,훈련원4팀
SPB-34137,상암1팀
SPB-34138,상암1팀
SPB-34146,중랑1팀
SPB-34149,훈련원4팀
SPB-34150,개화3팀
SPB-34153,영남3팀
SPB-34155,상암2팀
SPB-34161,훈련원3팀
SPB-34167,영남1팀
SPB-34173,상암1팀
SPB-34183,상암1팀
SPB-34188,중랑2팀
SPB-34195,영남3팀
SPB-34198,개화4팀
SPB-34199,상암1팀
SPB-34202,훈련원1팀
SPB-34206,상암1팀
SPB-34210,영남1팀
SPB-34212,중랑2팀
SPB-34214,중랑2팀
SPB-34218,세종로2팀
SPB-34219,상암2팀
SPB-34222,영남3팀
SPB-34224,상암2팀
SPB-34225,상암1팀
SPB-34226,개화4팀
SPB-34229,중랑2팀
SPB-34231,상암1팀
SPB-34234,상암1팀
SPB-34239,중랑2팀
SPB-34241,중랑2팀
SPB-34243,영남1팀
SPB-34248,영남1팀
SPB-34256,세종로1팀
SPB-34257,영남1팀
SPB-34258,중랑2팀
SPB-34260,상암2팀
SPB-34263,상암1팀
SPB-34264,영남3팀
SPB-34269,상암1팀
SPB-34273,훈련원3팀
SPB-34276,훈련원4팀
SPB-34280,개화3팀
SPB-34290,훈련원4팀
SPB-34295,중랑2팀
SPB-34298,영남1팀
SPB-34302,훈련원4팀
SPB-34304,상암2팀
SPB-34307,중랑2팀
SPB-34312,영남3팀
SPB-34319,중랑1팀
SPB-34323,훈련원1팀
SPB-34324,중랑2팀
SPB-34328,훈련원1팀
SPB-34330,중랑2팀
SPB-34332,훈련원3팀
SPB-34335,영남3팀
SPB-34337,상암1팀
SPB-34346,훈련원1팀
SPB-34348,중랑2팀
SPB-34349,영남3팀
SPB-34352,중랑1팀
SPB-34356,상암2팀
SPB-34358,개화4팀
SPB-34362,영남3팀
SPB-34365,상암1팀
SPB-34368,훈련원3팀
SPB-34377,영남1팀
SPB-34378,영남1팀
SPB-34379,중랑1팀
SPB-34388,상암1팀
SPB-34393,중랑2팀
SPB-34401,영남3팀
SPB-34402,상암1팀
SPB-34403,중랑1팀
SPB-34408,개화4팀
SPB-34410,상암1팀
SPB-34411,훈련원4팀
SPB-34417,상암1팀
SPB-34422,영남3팀
SPB-34423,세종로2팀
SPB-34425,영남1팀
SPB-34436,상암1팀
SPB-34441,영남1팀
SPB-34456,훈련원1팀
SPB-34459,훈련원1팀
SPB-34463,영남3팀
SPB-34464,중랑2팀
SPB-34466,훈련원1팀
SPB-34467,개화4팀
SPB-34472,개화3팀
SPB-34474,영남1팀
SPB-34475,훈련원4팀
SPB-34476,중랑2팀
SPB-34479,중랑1팀
SPB-34480,훈련원4팀
SPB-34484,상암1팀
SPB-34488,훈련원3팀
SPB-34490,상암1팀
SPB-34493,훈련원4팀
SPB-34495,영남3팀
SPB-34496,영남1팀
SPB-34498,훈련원1팀
SPB-34512,영남3팀
SPB-34513,영남3팀
SPB-34515,상암1팀
SPB-34518,훈련원1팀
SPB-34527,중랑2팀
SPB-34530,훈련원1팀
SPB-34533,상암1팀
SPB-34537,상암2팀
SPB-34539,훈련원1팀
SPB-34548,영남1팀
SPB-34559,영남3팀
SPB-34565,훈련원3팀
SPB-34569,훈련원3팀
SPB-34572,영남1팀
SPB-34585,중랑1팀
SPB-34589,상암1팀
SPB-34591,영남1팀
SPB-34605,훈련원4팀
SPB-34606,훈련원1팀
SPB-34608,중랑1팀
SPB-34615,영남1팀
SPB-34629,영남3팀
SPB-34630,영남1팀
SPB-34634,영남3팀
SPB-34651,영남1팀
SPB-34659,중랑1팀
SPB-34667,영남1팀
SPB-34674,영남1팀
SPB-34675,상암1팀
SPB-34680,상암1팀
SPB-34682,개화4팀
SPB-34683,상암1팀
SPB-34714,상암1팀
SPB-34719,중랑2팀
SPB-34731,영남1팀
SPB-34739,상암1팀
SPB-34754,영남3팀
SPB-34756,훈련원3팀
SPB-34781,상암1팀
SPB-34782,상암1팀
SPB-34783,중랑1팀
SPB-34786,중랑2팀
SPB-34791,영남1팀
SPB-34803,훈련원1팀
SPB-34815,중랑2팀
SPB-34817,훈련원4팀
SPB-34819,상암1팀
SPB-34822,상암1팀
SPB-34828,훈련원4팀
SPB-34830,영남3팀
SPB-34837,중랑1팀
SPB-34839,중랑1팀
SPB-34845,훈련원3팀
SPB-34849,세종로2팀
SPB-34853,개화3팀
SPB-34858,중랑1팀
SPB-34861,개화4팀
SPB-34866,영남1팀
SPB-34868,영남1팀
SPB-34870,영남3팀
SPB-34881,세종로1팀
SPB-34903,중랑2팀
SPB-34907,상암1팀
SPB-34910,중랑2팀
SPB-34920,영남1팀
SPB-34926,개화3팀
SPB-34935,상암1팀
SPB-34936,중랑2팀
SPB-34940,훈련원1팀
SPB-34950,영남3팀
SPB-34954,영남3팀
SPB-34959,상암1팀
SPB-34960,세종로1팀
SPB-34978,상암1팀
SPB-34989,영남3팀
SPB-34995,개화3팀
SPB-35003,중랑2팀
SPB-35009,중랑1팀
SPB-35027,영남1팀
SPB-35036,훈련원3팀
SPB-35039,개화2팀
SPB-35042,훈련원1팀
SPB-35053,중랑2팀
SPB-35056,영남1팀
SPB-35061,중랑2팀
SPB-35067,중랑2팀
SPB-35069,상암2팀
SPB-35071,세종로 4팀
SPB-35072,중랑2팀
SPB-35087,상암1팀
SPB-35106,중랑2팀
SPB-35112,영남1팀
SPB-35116,훈련원1팀
SPB-35118,개화3팀
SPB-35125,개화4팀
SPB-35131,상암1팀
SPB-35136,훈련원4팀
SPB-35151,중랑2팀
SPB-35157,영남1팀
SPB-35160,상암1팀
SPB-35164,영남3팀
SPB-35175,세종로2팀
SPB-35187,상암1팀
SPB-35191,개화4팀
SPB-35202,상암1팀
SPB-35213,영남3팀
SPB-35221,영남1팀
SPB-35228,개화4팀
SPB-35240,상암1팀
SPB-35242,영남1팀
SPB-35262,영남1팀
SPB-35267,중랑2팀
SPB-35271,개화4팀
SPB-35284,상암1팀
SPB-35286,영남1팀
SPB-35287,세종로2팀
SPB-35300,영남3팀
SPB-35301,중랑1팀
SPB-35303,영남1팀
SPB-35306,영남1팀
SPB-35314,상암1팀
SPB-35315,중랑2팀
SPB-35319,영남3팀
SPB-35326,영남1팀
SPB-35330,상암1팀
SPB-35335,중랑2팀
SPB-35354,상암1팀
SPB-35355,영남3팀
SPB-35356,개화3팀
SPB-35359,상암1팀
SPB-35361,훈련원3팀
SPB-35364,중랑1팀
SPB-35370,영남1팀
SPB-35373,중랑2팀
SPB-35375,세종로1팀
SPB-35377,영남3팀
SPB-35378,영남1팀
SPB-35387,영남1팀
SPB-35388,훈련원4팀
SPB-35403,훈련원1팀
SPB-35405,영남1팀
SPB-35420,중랑2팀
SPB-35427,상암2팀
SPB-35431,훈련원1팀
SPB-35439,중랑2팀
SPB-35448,세종로1팀
SPB-35455,세종로2팀
SPB-35468,중랑2팀
SPB-35479,세종로1팀
SPB-35490,훈련원1팀
SPB-35493,훈련원1팀
SPB-35495,중랑1팀
SPB-35506,영남1팀
SPB-35507,훈련원1팀
SPB-35515,훈련원4팀
SPB-35517,개화3팀
SPB-35518,중랑1팀
SPB-35522,훈련원3팀
SPB-35529,중랑1팀
SPB-35541,훈련원1팀
SPB-35542,영남3팀
SPB-35549,훈련원4팀
SPB-35558,중랑2팀
SPB-35559,영남1팀
SPB-35560,상암1팀
SPB-35561,세종로2팀
SPB-35572,영남3팀
SPB-35573,상암2팀
SPB-35574,상암1팀
SPB-35575,세종로1팀
SPB-35576,영남3팀
SPB-35583,중랑1팀
SPB-35591,상암1팀
SPB-35592,영남3팀
SPB-35593,영남1팀
SPB-35594,세종로2팀
SPB-35595,상암1팀
SPB-35602,영남3팀
SPB-35613,상암1팀
SPB-35619,상암2팀
SPB-35623,영남1팀
SPB-35635,영남3팀
SPB-35637,중랑2팀
SPB-35644,훈련원4팀
SPB-35661,영남1팀
SPB-35662,중랑2팀
SPB-35667,영남1팀
SPB-35673,중랑2팀
SPB-35678,영남1팀
SPB-35681,상암1팀
SPB-35684,영남1팀
SPB-35688,영남3팀
SPB-35692,영남3팀
SPB-35695,훈련원3팀
SPB-35701,훈련원4팀
SPB-35718,영남3팀
SPB-35720,훈련원3팀
SPB-35733,개화4팀
SPB-35735,훈련원4팀
SPB-35739,영남1팀
SPB-35743,중랑1팀
SPB-35747,상암2팀
SPB-35749,영남3팀
SPB-35751,개화3팀
SPB-35754,중랑2팀
SPB-35756,영남3팀
SPB-35763,상암1팀
SPB-35780,세종로1팀
SPB-35788,영남1팀
SPB-35793,영남3팀
SPB-35799,영남1팀
SPB-35804,세종로2팀
SPB-35805,중랑2팀
SPB-35806,개화3팀
SPB-35811,영남3팀
SPB-35813,세종로 4팀
SPB-35815,세종로1팀
SPB-35821,개화3팀
SPB-35830,개화3팀
SPB-35831,상암1팀
SPB-35832,중랑2팀
SPB-35836,영남1팀
SPB-35853,영남1팀
SPB-35854,상암1팀
SPB-35855,영남3팀
SPB-35859,훈련원1팀
SPB-35870,영남3팀
SPB-35871,상암1팀
SPB-35876,개화3팀
SPB-35884,훈련원3팀
SPB-35897,개화4팀
SPB-35898,중랑2팀
SPB-35909,중랑2팀
SPB-35910,훈련원3팀
SPB-35921,훈련원1팀
SPB-35924,훈련원1팀
SPB-35931,훈련원3팀
SPB-35950,상암1팀
SPB-35956,세종로1팀
SPB-35960,중랑1팀
SPB-35985,세종로1팀
SPB-35986,상암1팀
SPB-35992,훈련원3팀
SPB-35998,상암1팀
SPB-36003,영남1팀
SPB-36010,훈련원3팀
SPB-36012,영남3팀
SPB-36016,훈련원3팀
SPB-36018,개화4팀
SPB-36027,상암1팀
SPB-36040,영남1팀
SPB-36041,훈련원1팀
SPB-36045,훈련원3팀
SPB-36047,상암1팀
SPB-36053,상암1팀
SPB-36058,중랑1팀
SPB-36062,상암1팀
SPB-36065,중랑2팀
SPB-36078,훈련원1팀
SPB-36081,훈련원4팀
SPB-36083,상암1팀
SPB-36090,영남1팀
SPB-36091,영남1팀
SPB-36100,상암1팀
SPB-36105,중랑2팀
SPB-36110,훈련원3팀
SPB-36114,영남1팀
SPB-36115,상암1팀
SPB-36117,중랑1팀
SPB-36118,훈련원3팀
SPB-36119,훈련원4팀
SPB-36120,상암1팀
SPB-36124,상암1팀
SPB-36127,상암1팀
SPB-36139,상암2팀
SPB-36141,훈련원1팀
SPB-36147,영남1팀
SPB-36153,중랑2팀
SPB-36157,영남1팀
SPB-36160,영남1팀
SPB-36163,개화4팀
SPB-36173,개화3팀
SPB-36176,상암2팀
SPB-36180,개화2팀
SPB-36185,중랑2팀
SPB-36199,영남1팀
SPB-36203,영남1팀
SPB-36210,개화3팀
SPB-36217,상암1팀
SPB-36219,영남1팀
SPB-36231,중랑2팀
SPB-36232,상암1팀
SPB-36243,영남3팀
SPB-36256,중랑2팀
SPB-36258,훈련원3팀
SPB-36265,훈련원3팀
SPB-36278,영남1팀
SPB-36283,훈련원3팀
SPB-36293,개화4팀
SPB-36297,영남1팀
SPB-36299,영남1팀
SPB-36306,중랑1팀
SPB-36308,영남1팀
SPB-36312,중랑2팀
SPB-36322,영남3팀
SPB-36329,상암1팀
SPB-36336,영남3팀
SPB-36338,세종로2팀
SPB-36353,중랑1팀
SPB-36357,상암1팀
SPB-36360,상암1팀
SPB-36362,상암1팀
SPB-36366,훈련원1팀
SPB-36374,영남3팀
SPB-36378,중랑2팀
SPB-36383,중랑2팀
SPB-36392,세종로2팀
SPB-36393,훈련원4팀
SPB-36403,훈련원1팀
SPB-36404,중랑2팀
SPB-36407,중랑2팀
SPB-36410,영남3팀
SPB-36417,영남1팀
SPB-36421,상암1팀
SPB-36428,상암1팀
SPB-36430,영남1팀
SPB-36439,영남1팀
SPB-36450,영남3팀
SPB-36456,상암1팀
SPB-36457,영남1팀
SPB-36461,영남1팀
SPB-36480,영남1팀
SPB-36485,세종로2팀
SPB-36487,중랑1팀
SPB-36491,세종로1팀
SPB-36500,개화3팀
SPB-36507,개화3팀
SPB-36511,중랑2팀
SPB-36512,훈련원4팀
SPB-36517,영남3팀
SPB-36528,개화3팀
SPB-36529,상암2팀
SPB-36542,영남1팀
SPB-36550,영남1팀
SPB-36551,상암1팀
SPB-36554,영남1팀
SPB-36558,훈련원1팀
SPB-36560,중랑2팀
SPB-36562,세종로1팀
SPB-36566,영남3팀
SPB-36569,훈련원4팀
SPB-36571,중랑1팀
SPB-36574,상암1팀
SPB-36578,영남3팀
SPB-36591,훈련원1팀
SPB-36592,영남1팀
SPB-36593,상암2팀
SPB-36599,세종로1팀
SPB-36600,상암1팀
SPB-36604,세종로1팀
SPB-36610,중랑1팀
SPB-36622,영남1팀
SPB-36628,세종로 4팀
SPB-36629,영남1팀
SPB-36630,상암1팀
SPB-36639,훈련원1팀
SPB-36654,훈련원4팀
SPB-36657,영남1팀
SPB-36666,세종로1팀
SPB-36678,중랑2팀
SPB-36681,상암1팀
SPB-36690,중랑1팀
SPB-36693,훈련원1팀
SPB-36703,중랑1팀
SPB-36729,중랑2팀
SPB-36741,훈련원1팀
SPB-36743,영남3팀
SPB-36744,영남1팀
SPB-36748,상암2팀
SPB-36752,훈련원3팀
SPB-36753,상암1팀
SPB-36756,영남3팀
SPB-36768,중랑2팀
SPB-36769,영남3팀
SPB-36770,세종로1팀
SPB-36777,영남1팀
SPB-36779,세종로1팀
SPB-36791,영남3팀
SPB-36809,영남3팀
SPB-36815,세종로1팀
SPB-36816,훈련원4팀
SPB-36827,영남3팀
SPB-36839,영남3팀
SPB-36842,개화3팀
SPB-36847,개화4팀
SPB-36850,천왕1팀
SPB-36854,영남3팀
SPB-36879,세종로 4팀
SPB-36885,중랑1팀
SPB-36888,중랑2팀
SPB-36889,훈련원1팀
SPB-36891,영남3팀
SPB-36897,중랑2팀
SPB-36901,훈련원4팀
SPB-36911,세종로1팀
SPB-36919,상암2팀
SPB-36923,상암2팀
SPB-36925,영남3팀
SPB-36932,훈련원1팀
SPB-36939,영남1팀
SPB-36942,상암1팀
SPB-36947,중랑2팀
SPB-36951,영남3팀
SPB-36953,상암1팀
SPB-36954,상암1팀
SPB-36966,영남3팀
SPB-36969,영남1팀
SPB-36974,영남3팀
SPB-36979,중랑1팀
SPB-36983,중랑1팀
SPB-36990,영남3팀
SPB-36998,천왕1팀
SPB-37002,훈련원1팀
SPB-37014,중랑2팀
SPB-37019,중랑2팀
SPB-37026,상암1팀
SPB-37031,영남3팀
SPB-37032,영남1팀
SPB-37042,영남1팀
SPB-37055,훈련원4팀
SPB-37056,중랑2팀
SPB-37064,영남3팀
SPB-37065,상암1팀
SPB-37068,세종로2팀
SPB-37072,영남1팀
SPB-37077,훈련원3팀
SPB-37093,세종로 4팀
SPB-37094,훈련원1팀
SPB-37097,영남1팀
SPB-37101,중랑2팀
SPB-37105,훈련원1팀
SPB-37108,영남1팀
SPB-37113,영남3팀
SPB-37118,영남1팀
SPB-37119,상암1팀
SPB-37122,상암1팀
SPB-37135,영남3팀
SPB-37161,영남3팀
SPB-37166,세종로1팀
SPB-37170,훈련원3팀
SPB-37175,상암1팀
SPB-37177,개화4팀
SPB-37185,영남3팀
SPB-37188,훈련원1팀
SPB-37216,중랑1팀
SPB-37225,영남1팀
SPB-37226,훈련원3팀
SPB-37229,개화3팀
SPB-37241,세종로2팀
SPB-37244,개화2팀
SPB-37245,개화3팀
SPB-37257,중랑2팀
SPB-37259,개화3팀
SPB-37269,상암1팀
SPB-37273,훈련원1팀
SPB-37279,상암1팀
SPB-37285,훈련원3팀
SPB-37306,영남1팀
SPB-37307,영남1팀
SPB-37308,상암1팀
SPB-37326,영남1팀
SPB-37330,중랑1팀
SPB-37333,중랑1팀
SPB-37338,상암1팀
SPB-37339,영남3팀
SPB-37348,개화4팀
SPB-37353,훈련원4팀
SPB-37359,상암1팀
SPB-37362,영남1팀
SPB-37367,중랑1팀
SPB-37380,영남1팀
SPB-37399,상암1팀
SPB-37400,세종로2팀
SPB-37401,개화3팀
SPB-37417,영남1팀
SPB-37418,훈련원4팀
SPB-37443,영남3팀
SPB-37447,상암1팀
SPB-37450,중랑1팀
SPB-37462,중랑2팀
SPB-37466,천왕1팀
SPB-37479,영남3팀
SPB-37481,훈련원1팀
SPB-37500,세종로 4팀
SPB-37503,영남2팀
SPB-37506,영남1팀
SPB-37510,영남3팀
SPB-37516,중랑1팀
SPB-37522,세종로2팀
SPB-37536,영남1팀
SPB-37550,훈련원3팀
SPB-37554,상암1팀
SPB-37557,영남1팀
SPB-37559,훈련원3팀
SPB-37560,영남1팀
SPB-37576,상암2팀
SPB-37588,상암1팀
SPB-37603,상암1팀
SPB-37607,상암2팀
SPB-37609,상암1팀
SPB-37631,세종로 4팀
SPB-37635,중랑1팀
SPB-37637,영남3팀
SPB-37638,훈련원1팀
SPB-37644,중랑2팀
SPB-37648,영남1팀
SPB-37660,영남3팀
SPB-37662,중랑2팀
SPB-37663,영남3팀
SPB-37666,상암1팀
SPB-37669,중랑1팀
SPB-37670,세종로2팀
SPB-37675,영남3팀
SPB-37678,영남3팀
SPB-37691,개화4팀
SPB-37697,영남1팀
SPB-37705,상암1팀
SPB-37717,중랑1팀
SPB-37718,훈련원4팀
SPB-37735,영남1팀
SPB-37743,훈련원3팀
SPB-37755,훈련원3팀
SPB-37761,영남3팀
SPB-37765,영남3팀
SPB-37767,상암1팀
SPB-37768,세종로1팀
SPB-37787,세종로1팀
SPB-37792,영남1팀
SPB-37802,상암1팀
SPB-37803,상암1팀
SPB-37805,중랑2팀
SPB-37844,중랑2팀
SPB-37845,영남1팀
SPB-37848,상암1팀
SPB-37849,중랑2팀
SPB-37850,영남1팀
SPB-37856,훈련원4팀
SPB-37862,세종로 4팀
SPB-37868,개화4팀
SPB-37872,중랑1팀
SPB-37873,훈련원1팀
SPB-37893,상암1팀
SPB-37895,훈련원1팀
SPB-37901,중랑1팀
SPB-37911,훈련원3팀
SPB-37923,상암2팀
SPB-37950,상암1팀
SPB-37958,훈련원1팀
SPB-37967,영남3팀
SPB-37969,세종로1팀
SPB-37979,중랑2팀
SPB-37987,영남1팀
SPB-38000,중랑1팀
SPB-38003,세종로2팀
SPB-38010,훈련원3팀
SPB-38012,상암1팀
SPB-38018,영남1팀
SPB-38030,영남3팀
SPB-38034,개화3팀
SPB-38044,영남1팀
SPB-38050,중랑2팀
SPB-38052,상암1팀
SPB-38053,영남1팀
SPB-38061,중랑1팀
SPB-38074,상암1팀
SPB-38080,훈련원3팀
SPB-38087,훈련원1팀
SPB-38094,중랑1팀
SPB-38095,상암2팀
SPB-38106,개화4팀
SPB-38112,상암1팀
SPB-38115,영남1팀
SPB-38116,상암1팀
SPB-38117,훈련원4팀
SPB-38118,상암1팀
SPB-38126,중랑2팀
SPB-38128,영남3팀
SPB-38131,세종로 4팀
SPB-38134,중랑2팀
SPB-38141,중랑1팀
SPB-38170,훈련원1팀
SPB-38174,상암1팀
SPB-38178,중랑1팀
SPB-38181,중랑1팀
SPB-38193,상암1팀
SPB-38195,천왕1팀
SPB-38198,개화4팀
SPB-38204,상암1팀
SPB-38206,상암1팀
SPB-38209,세종로1팀
SPB-38218,개화3팀
SPB-38228,개화3팀
SPB-38234,상암1팀
SPB-38244,영남1팀
SPB-38252,중랑2팀
SPB-38253,영남3팀
SPB-38270,영남1팀
SPB-38272,상암1팀
SPB-38288,훈련원4팀
SPB-38290,중랑2팀
SPB-38299,영남1팀
SPB-38308,상암2팀
SPB-38319,천왕1팀
SPB-38325,영남1팀
SPB-38326,영남1팀
SPB-38329,상암1팀
SPB-38335,영남1팀
SPB-38349,영남1팀
SPB-38357,상암1팀
SPB-38361,중랑2팀
SPB-38373,훈련원3팀
SPB-38374,세종로2팀
SPB-38379,상암2팀
SPB-38385,훈련원4팀
SPB-38388,영남3팀
SPB-38394,훈련원4팀
SPB-38405,상암2팀
SPB-38409,상암1팀
SPB-38418,영남1팀
SPB-38421,영남3팀
SPB-38423,개화3팀
SPB-38426,훈련원3팀
SPB-38433,상암1팀
SPB-38435,영남3팀
SPB-38447,영남1팀
SPB-38468,상암1팀
SPB-38470,훈련원1팀
SPB-38478,훈련원3팀
SPB-38487,영남3팀
SPB-38497,상암1팀
SPB-38507,영남1팀
SPB-38540,영남1팀
SPB-38542,영남1팀
SPB-38548,훈련원1팀
SPB-38573,세종로2팀
SPB-38580,중랑2팀
SPB-38589,영남3팀
SPB-38594,영남1팀
SPB-38600,개화4팀
SPB-38601,중랑1팀
SPB-38610,상암1팀
SPB-38617,상암1팀
SPB-38618,훈련원1팀
SPB-38630,훈련원1팀
SPB-38631,훈련원1팀
SPB-38633,상암1팀
SPB-38637,영남1팀
SPB-38643,세종로2팀
SPB-38663,상암2팀
SPB-38668,훈련원4팀
SPB-38670,영남3팀
SPB-38673,중랑2팀
SPB-38679,영남3팀
SPB-38681,중랑2팀
SPB-38692,중랑2팀
SPB-38695,상암1팀
SPB-38702,중랑2팀
SPB-38704,상암1팀
SPB-38706,중랑1팀
SPB-38711,중랑2팀
SPB-38715,상암1팀
SPB-38716,중랑1팀
SPB-38727,개화4팀
SPB-38731,중랑2팀
SPB-38734,영남3팀
SPB-38738,훈련원3팀
SPB-38746,중랑2팀
SPB-38760,영남3팀
SPB-38767,중랑2팀
SPB-38775,중랑2팀
SPB-38776,훈련원4팀
SPB-38781,영남3팀
SPB-38782,훈련원1팀
SPB-38788,상암1팀
SPB-38801,세종로2팀
SPB-38808,상암2팀
SPB-38810,훈련원3팀
SPB-38812,훈련원3팀
SPB-38813,영남3팀
SPB-38820,천왕1팀
SPB-38823,개화3팀
SPB-38826,중랑2팀
SPB-38827,개화3팀
SPB-38831,상암1팀
SPB-38838,중랑2팀
SPB-38839,중랑1팀
SPB-38840,영남1팀
SPB-38845,훈련원3팀
SPB-38849,천왕1팀
SPB-38858,상암1팀
SPB-38861,중랑2팀
SPB-38876,개화4팀
SPB-38883,훈련원3팀
SPB-38888,영남1팀
SPB-38897,개화4팀
SPB-38898,상암1팀
SPB-38911,중랑2팀
SPB-38919,개화3팀
SPB-38920,훈련원3팀
SPB-38922,상암1팀
SPB-38924,상암1팀
SPB-38942,영남3팀
SPB-38949,훈련원4팀
SPB-38958,영남3팀
SPB-38964,중랑1팀
SPB-38967,상암1팀
SPB-38978,훈련원1팀
SPB-38984,영남3팀
SPB-38996,영남3팀
SPB-39002,세종로2팀
SPB-39009,세종로1팀
SPB-39018,영남1팀
SPB-39023,영남3팀
SPB-39036,세종로2팀
SPB-39045,중랑2팀
SPB-39058,세종로1팀
SPB-39060,훈련원1팀
SPB-39074,영남1팀
SPB-39076,영남3팀
SPB-39077,중랑2팀
SPB-39080,영남3팀
SPB-39087,개화3팀
SPB-39101,영남3팀
SPB-39103,중랑2팀
SPB-39104,중랑1팀
SPB-39119,세종로2팀
SPB-39120,영남1팀
SPB-39122,영남3팀
SPB-39124,훈련원1팀
SPB-39132,영남3팀
SPB-39143,세종로1팀
SPB-39147,상암1팀
SPB-39150,상암1팀
SPB-39161,영남1팀
SPB-39173,영남1팀
SPB-39181,영남1팀
SPB-39185,상암1팀
SPB-39188,훈련원4팀
SPB-39190,중랑2팀
SPB-39191,상암1팀
SPB-39194,세종로2팀
SPB-39207,중랑2팀
SPB-39208,개화3팀
SPB-39215,영남3팀
SPB-39217,훈련원3팀
SPB-39226,상암2팀
SPB-39234,중랑2팀
SPB-39253,훈련원1팀
SPB-39260,상암1팀
SPB-39265,훈련원4팀
SPB-39270,상암1팀
SPB-39275,개화3팀
SPB-39284,훈련원4팀
SPB-39292,중랑2팀
SPB-39317,중랑1팀
SPB-39320,영남1팀
SPB-39322,중랑2팀
SPB-39352,영남3팀
SPB-39363,훈련원1팀
SPB-39364,영남3팀
SPB-39372,영남1팀
SPB-39380,훈련원3팀
SPB-39385,중랑2팀
SPB-39389,중랑1팀
SPB-39397,훈련원4팀
SPB-39403,훈련원4팀
SPB-39404,영남3팀
SPB-39411,중랑1팀
SPB-39412,영남1팀
SPB-39422,개화4팀
SPB-39427,상암1팀
SPB-39445,영남1팀
SPB-39451,상암2팀
SPB-39454,세종로2팀
SPB-39467,중랑2팀
SPB-39473,영남1팀
SPB-39480,상암2팀
SPB-39483,중랑1팀
SPB-39485,영남1팀
SPB-39486,상암1팀
SPB-39493,상암1팀
SPB-39500,영남1팀
SPB-39520,중랑1팀
SPB-39524,개화3팀
SPB-39534,상암1팀
SPB-39540,상암2팀
SPB-39545,훈련원1팀
SPB-39550,중랑2팀
SPB-39553,영남1팀
SPB-39556,중랑1팀
SPB-39561,영남3팀
SPB-39563,상암1팀
SPB-39568,영남3팀
SPB-39569,중랑2팀
SPB-39578,영남3팀
SPB-39586,중랑2팀
SPB-39599,훈련원3팀
SPB-39601,세종로 4팀
SPB-39612,영남3팀
SPB-39615,훈련원4팀
SPB-39627,영남1팀
SPB-39628,중랑2팀
SPB-39642,상암1팀
SPB-39649,훈련원3팀
SPB-39657,상암1팀
SPB-39659,영남1팀
SPB-39661,천왕1팀
SPB-39682,상암1팀
SPB-39700,중랑2팀
SPB-39701,영남1팀
SPB-39711,영남3팀
SPB-39716,훈련원3팀
SPB-39720,상암1팀
SPB-39724,상암1팀
SPB-39727,개화3팀
SPB-39743,영남1팀
SPB-39748,영남3팀
SPB-39756,상암1팀
SPB-39757,영남1팀
SPB-39785,개화4팀
SPB-39789,중랑2팀
SPB-39792,영남1팀
SPB-39821,상암2팀
SPB-39830,세종로1팀
SPB-39832,상암1팀
SPB-39843,상암1팀
SPB-39851,개화4팀
SPB-39859,중랑2팀
SPB-39861,훈련원4팀
SPB-39863,세종로2팀
SPB-39865,상암1팀
SPB-39868,영남3팀
SPB-39871,상암1팀
SPB-39879,개화4팀
SPB-39883,중랑2팀
SPB-39903,훈련원3팀
SPB-39905,개화4팀
SPB-39920,영남3팀
SPB-39926,영남1팀
SPB-39932,개화4팀
SPB-39951,상암1팀
SPB-39954,중랑2팀
SPB-39955,세종로1팀
SPB-39959,훈련원4팀
SPB-39967,개화3팀
SPB-39968,중랑2팀
SPB-39980,중랑2팀
SPB-39985,세종로1팀
SPB-39994,훈련원3팀
SPB-39998,개화4팀
SPB-40002,중랑1팀
SPB-40003,훈련원3팀
SPB-40004,상암1팀
SPB-40010,중랑1팀
SPB-40037,영남1팀
SPB-40058,훈련원1팀
SPB-40064,영남3팀
SPB-40072,상암1팀
SPB-40079,훈련원3팀
SPB-40080,중랑1팀
SPB-40087,세종로1팀
SPB-40091,중랑1팀
SPB-40102,영남1팀
SPB-40112,상암1팀
SPB-40116,영남1팀
SPB-40124,훈련원4팀
SPB-40125,상암2팀
SPB-40129,상암1팀
SPB-40135,개화4팀
SPB-40147,세종로1팀
SPB-40150,상암1팀
SPB-40151,중랑2팀
SPB-40166,영남1팀
SPB-40171,개화3팀
SPB-40176,세종로2팀
SPB-40181,상암1팀
SPB-40193,영남1팀
SPB-40205,상암1팀
SPB-40234,상암1팀
SPB-40243,개화4팀
SPB-40251,상암1팀
SPB-40254,중랑1팀
SPB-40264,영남1팀
SPB-40266,훈련원4팀
SPB-40286,훈련원4팀
SPB-40299,상암1팀
SPB-40307,개화3팀
SPB-40308,상암1팀
SPB-40322,상암1팀
SPB-40325,개화3팀
SPB-40340,훈련원4팀
SPB-40350,훈련원1팀
SPB-40370,상암1팀
SPB-40372,중랑1팀
SPB-40377,상암2팀
SPB-40380,훈련원1팀
SPB-40381,영남1팀
SPB-40385,상암1팀
SPB-40386,훈련원1팀
SPB-40390,중랑2팀
SPB-40401,개화4팀
SPB-40404,세종로2팀
SPB-40407,영남3팀
SPB-40408,훈련원3팀
SPB-40414,중랑2팀
SPB-40428,중랑2팀
SPB-40434,영남1팀
SPB-40450,중랑1팀
SPB-40455,중랑2팀
SPB-40459,중랑1팀
SPB-40462,중랑2팀
SPB-40466,개화4팀
SPB-40468,중랑1팀
SPB-40476,중랑1팀
SPB-40481,상암1팀
SPB-40485,훈련원3팀
SPB-40495,천왕1팀
SPB-40497,상암1팀
SPB-40503,중랑1팀
SPB-40507,세종로2팀
SPB-40508,세종로2팀
SPB-40516,개화3팀
SPB-40517,훈련원1팀
SPB-40519,영남1팀
SPB-40524,세종로1팀
SPB-40525,상암1팀
SPB-40527,상암1팀
SPB-40534,상암1팀
SPB-40547,훈련원3팀
SPB-40553,중랑2팀
SPB-40556,영남1팀
SPB-40557,세종로1팀
SPB-40564,세종로2팀
SPB-40567,개화3팀
SPB-40581,세종로1팀
SPB-40618,영남1팀
SPB-40624,중랑1팀
SPB-40635,상암1팀
SPB-40655,훈련원1팀
SPB-40662,영남3팀
SPB-40669,개화3팀
SPB-40670,중랑1팀
SPB-40673,상암1팀
SPB-40677,상암1팀
SPB-40681,영남1팀
SPB-40683,영남1팀
SPB-40688,영남3팀
SPB-40689,상암2팀
SPB-40692,중랑1팀
SPB-40704,세종로2팀
SPB-40711,중랑1팀
SPB-40714,세종로2팀
SPB-40716,훈련원1팀
SPB-40722,중랑2팀
SPB-40723,영남1팀
SPB-40724,세종로1팀
SPB-40733,세종로2팀
SPB-40734,영남3팀
SPB-40736,영남1팀
SPB-40740,훈련원3팀
SPB-40753,중랑2팀
SPB-40765,영남3팀
SPB-40767,영남1팀
SPB-40786,중랑1팀
SPB-40799,중랑1팀
SPB-40801,중랑2팀
SPB-40804,훈련원1팀
SPB-40816,세종로2팀
SPB-40821,상암1팀
SPB-40825,개화3팀
SPB-40833,중랑1팀
SPB-40836,영남3팀
SPB-40858,상암1팀
SPB-40863,훈련원1팀
SPB-40872,중랑1팀
SPB-40874,중랑1팀
SPB-40888,상암2팀
SPB-40894,상암1팀
SPB-40898,영남1팀
SPB-40907,영남1팀
SPB-40915,중랑1팀
SPB-40916,영남3팀
SPB-40918,영남1팀
SPB-40919,세종로1팀
SPB-40923,중랑1팀
SPB-40924,영남1팀
SPB-40931,영남3팀
SPB-40933,상암1팀
SPB-40945,세종로1팀
SPB-40954,중랑2팀
SPB-40959,훈련원1팀
SPB-40964,상암1팀
SPB-40973,개화4팀
SPB-40984,훈련원4팀
SPB-40986,훈련원1팀
SPB-40994,영남1팀
SPB-41004,영남3팀
SPB-41006,상암1팀
SPB-41009,영남3팀
SPB-41025,영남1팀
SPB-41026,중랑1팀
SPB-41052,중랑2팀
SPB-41056,훈련원4팀
SPB-41058,세종로1팀
SPB-41065,개화4팀
SPB-41069,상암2팀
SPB-41077,상암1팀
SPB-41084,훈련원1팀
SPB-41086,훈련원3팀
SPB-41088,상암2팀
SPB-41103,상암1팀
SPB-41105,훈련원1팀
SPB-41106,훈련원1팀
SPB-41107,개화3팀
SPB-41114,영남1팀
SPB-41115,세종로 4팀
SPB-41121,세종로2팀
SPB-41131,상암1팀
SPB-41143,영남1팀
SPB-41147,중랑1팀
SPB-41158,중랑2팀
SPB-41160,영남1팀
SPB-41164,중랑1팀
SPB-41169,영남1팀
SPB-41175,영남3팀
SPB-41182,중랑1팀
SPB-41184,세종로2팀
SPB-41191,개화4팀
SPB-41193,영남1팀
SPB-41195,개화3팀
SPB-41197,중랑2팀
SPB-41199,세종로2팀
SPB-41200,중랑1팀
SPB-41204,상암1팀
SPB-41222,중랑2팀
SPB-41227,상암1팀
SPB-41228,중랑1팀
SPB-41229,상암1팀
SPB-41234,상암1팀
SPB-41252,훈련원1팀
SPB-41274,개화3팀
SPB-41276,영남3팀
SPB-41282,영남1팀
SPB-41287,상암1팀
SPB-41288,영남1팀
SPB-41314,영남3팀
SPB-41323,세종로1팀
SPB-41332,세종로2팀
SPB-41333,영남1팀
SPB-41375,중랑1팀
SPB-41378,개화3팀
SPB-41380,훈련원3팀
SPB-41381,영남3팀
SPB-41384,영남3팀
SPB-41388,중랑1팀
SPB-41391,훈련원1팀
SPB-41395,세종로2팀
SPB-41397,영남1팀
SPB-41402,중랑2팀
SPB-41403,영남3팀
SPB-41410,중랑2팀
SPB-41412,영남1팀
SPB-41415,훈련원4팀
SPB-41425,중랑1팀
SPB-41428,중랑2팀
SPB-41435,상암1팀
SPB-41438,영남3팀
SPB-41447,영남1팀
SPB-41449,영남3팀
SPB-41458,중랑2팀
SPB-41477,개화3팀
SPB-41479,개화3팀
SPB-41480,중랑1팀
SPB-41485,영남3팀
SPB-41492,영남1팀
SPB-41493,영남3팀
SPB-41494,영남1팀
SPB-41495,훈련원1팀
SPB-41498,상암1팀
SPB-41501,중랑1팀
SPB-41506,훈련원4팀
SPB-41510,훈련원3팀
SPB-41514,세종로1팀
SPB-41521,세종로2팀
SPB-41531,상암1팀
SPB-41534,영남1팀
SPB-41535,개화3팀
SPB-41539,훈련원4팀
SPB-41558,영남1팀
SPB-41561,중랑1팀
SPB-41569,훈련원1팀
SPB-41579,상암1팀
SPB-41591,상암1팀
SPB-41595,영남1팀
SPB-41601,영남3팀
SPB-41602,중랑1팀
SPB-41606,상암1팀
SPB-41608,영남3팀
SPB-41613,세종로1팀
SPB-41614,훈련원4팀
SPB-41618,개화4팀
SPB-41621,훈련원3팀
SPB-41624,영남1팀
SPB-41632,중랑2팀
SPB-41633,세종로2팀
SPB-41636,중랑2팀
SPB-41638,영남1팀
SPB-41640,상암1팀
SPB-41644,훈련원1팀
SPB-41653,상암1팀
SPB-41654,상암1팀
SPB-41662,훈련원3팀
SPB-41664,영남1팀
SPB-41666,개화2팀
SPB-41676,훈련원4팀
SPB-41677,중랑2팀
SPB-41679,영남1팀
SPB-41683,중랑2팀
SPB-41684,훈련원1팀
SPB-41690,상암1팀
SPB-41702,중랑2팀
SPB-41709,상암1팀
SPB-41718,중랑1팀
SPB-41722,중랑2팀
SPB-41728,영남3팀
SPB-41740,개화3팀
SPB-41751,훈련원1팀
SPB-41762,영남3팀
SPB-41783,훈련원1팀
SPB-41787,훈련원4팀
SPB-41788,중랑1팀
SPB-41801,훈련원3팀
SPB-41806,상암1팀
SPB-41826,중랑1팀
SPB-41829,영남3팀
SPB-41842,영남3팀
SPB-41845,상암1팀
SPB-41854,개화4팀
SPB-41855,영남1팀
SPB-41862,영남1팀
SPB-41864,훈련원1팀
SPB-41868,상암2팀
SPB-41874,중랑2팀
SPB-41876,훈련원4팀
SPB-41877,훈련원3팀
SPB-41884,영남3팀
SPB-41891,영남3팀
SPB-41908,영남1팀
SPB-41910,상암1팀
SPB-41915,상암1팀
SPB-41917,영남1팀
SPB-41927,훈련원1팀
SPB-41929,세종로2팀
SPB-41930,상암2팀
SPB-41932,세종로2팀
SPB-41935,중랑2팀
SPB-41936,훈련원3팀
SPB-41941,영남1팀
SPB-41942,개화4팀
SPB-41943,상암1팀
SPB-41963,중랑2팀
SPB-41965,상암1팀
SPB-41966,중랑2팀
SPB-41983,훈련원4팀
SPB-41990,영남3팀
SPB-41991,영남1팀
SPB-42014,영남3팀
SPB-42016,영남3팀
SPB-42017,중랑2팀
SPB-42019,세종로2팀
SPB-42025,상암1팀
SPB-42027,중랑1팀
SPB-42037,훈련원3팀
SPB-42050,상암1팀
SPB-42051,상암1팀
SPB-42066,영남1팀
SPB-42075,훈련원4팀
SPB-42078,영남3팀
SPB-42084,중랑1팀
SPB-42089,상암1팀
SPB-42099,상암1팀
SPB-42107,훈련원4팀
SPB-42120,상암2팀
SPB-42122,개화3팀
SPB-42125,개화4팀
SPB-42134,훈련원1팀
SPB-42136,훈련원4팀
SPB-42144,세종로1팀
SPB-42157,훈련원1팀
SPB-42166,중랑1팀
SPB-42167,상암1팀
SPB-42173,개화3팀
SPB-42174,중랑1팀
SPB-42187,개화3팀
SPB-42188,영남3팀
SPB-42198,상암1팀
SPB-42202,영남1팀
SPB-42206,중랑1팀
SPB-42211,상암1팀
SPB-42217,중랑2팀
SPB-42221,훈련원1팀
SPB-42242,세종로1팀
SPB-42249,중랑1팀
SPB-42259,영남1팀
SPB-42266,세종로2팀
SPB-42267,영남3팀
SPB-42273,영남1팀
SPB-42280,중랑2팀
SPB-42281,중랑2팀
SPB-42282,상암1팀
SPB-42284,상암1팀
SPB-42305,중랑1팀
SPB-42312,상암1팀
SPB-42314,영남1팀
SPB-42323,상암1팀
SPB-42325,영남3팀
SPB-42327,상암1팀
SPB-42353,중랑1팀
SPB-42361,영남3팀
SPB-42372,세종로1팀
SPB-42373,중랑2팀
SPB-42374,중랑1팀
SPB-42379,영남3팀
SPB-42382,상암2팀
SPB-42384,영남1팀
SPB-42387,중랑2팀
SPB-42391,영남1팀
SPB-42392,중랑2팀
SPB-42402,상암1팀
SPB-42405,영남3팀
SPB-42406,상암1팀
SPB-42414,중랑2팀
SPB-42415,상암1팀
SPB-42418,상암1팀
SPB-42424,세종로2팀
SPB-42429,영남3팀
SPB-42433,영남3팀
SPB-42440,상암2팀
SPB-42444,훈련원1팀
SPB-42446,개화3팀
SPB-42449,중랑2팀
SPB-42477,상암1팀
SPB-42483,세종로1팀
SPB-42484,상암1팀
SPB-42493,세종로2팀
SPB-42494,상암1팀
SPB-42500,영남1팀
SPB-42503,상암1팀
SPB-42504,훈련원1팀
SPB-42511,개화3팀
SPB-42515,중랑1팀
SPB-42518,중랑2팀
SPB-42525,상암2팀
SPB-42536,중랑1팀
SPB-42543,세종로2팀
SPB-42548,영남3팀
SPB-42582,개화3팀
SPB-42583,중랑1팀
SPB-42589,상암1팀
SPB-42617,상암1팀
SPB-42622,훈련원1팀
SPB-42628,훈련원4팀
SPB-42632,중랑2팀
SPB-42634,영남1팀
SPB-42640,중랑1팀
SPB-42643,영남1팀
SPB-42650,세종로2팀
SPB-42651,중랑2팀
SPB-42661,훈련원4팀
SPB-42678,영남3팀
SPB-42684,영남3팀
SPB-42686,중랑1팀
SPB-42688,영남3팀
SPB-42692,영남3팀
SPB-42693,훈련원3팀
SPB-42698,영남3팀
SPB-42706,상암1팀
SPB-42708,세종로 4팀
SPB-42712,영남1팀
SPB-42724,영남3팀
SPB-42725,중랑1팀
SPB-42726,훈련원3팀
SPB-42728,중랑1팀
SPB-42742,영남1팀
SPB-42745,중랑1팀
SPB-42761,상암1팀
SPB-42769,중랑1팀
SPB-42773,중랑2팀
SPB-42775,영남1팀
SPB-42778,훈련원3팀
SPB-42798,상암1팀
SPB-42804,영남1팀
SPB-42832,훈련원3팀
SPB-42841,세종로2팀
SPB-42860,상암1팀
SPB-42864,중랑2팀
SPB-42866,중랑2팀
SPB-42872,개화4팀
SPB-42885,영남3팀
SPB-42892,훈련원1팀
SPB-42897,훈련원4팀
SPB-42905,훈련원1팀
SPB-42927,중랑1팀
SPB-42930,중랑1팀
SPB-42931,세종로2팀
SPB-42933,훈련원3팀
SPB-42940,중랑2팀
SPB-42946,훈련원4팀
SPB-42948,상암1팀
SPB-42951,상암1팀
SPB-42953,훈련원4팀
SPB-42958,영남1팀
SPB-42959,영남3팀
SPB-42972,상암1팀
SPB-42981,상암1팀
SPB-42983,영남3팀
SPB-42984,훈련원1팀
SPB-42994,중랑1팀
SPB-43002,세종로2팀
SPB-43006,영남1팀
SPB-43015,훈련원1팀
SPB-43022,개화4팀
SPB-43029,상암1팀
SPB-43040,상암1팀
SPB-43061,상암1팀
SPB-43066,영남3팀
SPB-43071,영남3팀
SPB-43079,중랑1팀
SPB-43082,훈련원4팀
SPB-43096,중랑2팀
SPB-43104,중랑1팀
SPB-43106,영남3팀
SPB-43116,상암1팀
SPB-43124,상암1팀
SPB-43129,중랑1팀
SPB-43153,영남1팀
SPB-43156,세종로2팀
SPB-43158,훈련원1팀
SPB-43176,영남3팀
SPB-43180,상암1팀
SPB-43189,중랑1팀
SPB-43196,상암1팀
SPB-43199,영남1팀
SPB-43202,훈련원4팀
SPB-43212,상암2팀
SPB-43222,상암1팀
SPB-43225,훈련원1팀
SPB-43228,중랑2팀
SPB-43230,훈련원4팀
SPB-43235,중랑2팀
SPB-43236,세종로1팀
SPB-43238,중랑2팀
SPB-43244,영남1팀
SPB-43261,개화4팀
SPB-43266,훈련원1팀
SPB-43269,상암1팀
SPB-43281,상암1팀
SPB-43290,중랑1팀
SPB-43296,중랑1팀
SPB-43298,중랑2팀
SPB-43309,영남3팀
SPB-43312,영남1팀
SPB-43322,개화4팀
SPB-43343,중랑2팀
SPB-43344,천왕1팀
SPB-43347,상암1팀
SPB-43351,영남3팀
SPB-43352,영남1팀
SPB-43357,중랑1팀
SPB-43358,세종로2팀
SPB-43366,훈련원1팀
SPB-43368,훈련원1팀
SPB-43371,영남3팀
SPB-43382,상암1팀
SPB-43384,상암1팀
SPB-43385,중랑1팀
SPB-43387,훈련원4팀
SPB-43393,상암1팀
SPB-43395,중랑1팀
SPB-43404,중랑1팀
SPB-43410,영남1팀
SPB-43411,영남1팀
SPB-43417,영남1팀
SPB-43447,중랑1팀
SPB-43451,영남3팀
SPB-43452,영남1팀
SPB-43463,영남1팀
SPB-43478,영남1팀
SPB-43483,영남3팀
SPB-43499,영남1팀
SPB-43500,세종로2팀
SPB-43501,상암1팀
SPB-43507,상암1팀
SPB-43513,훈련원1팀
SPB-43535,영남1팀
SPB-43546,영남3팀
SPB-43553,영남1팀
SPB-43561,중랑1팀
SPB-43575,훈련원4팀
SPB-43576,세종로2팀
SPB-43577,영남1팀
SPB-43584,영남3팀
SPB-43608,영남3팀
SPB-43620,중랑2팀
SPB-43627,영남1팀
SPB-43628,훈련원3팀
SPB-43634,세종로1팀
SPB-43659,훈련원1팀
SPB-43662,훈련원3팀
SPB-43679,훈련원4팀
SPB-43683,영남1팀
SPB-43684,상암1팀
SPB-43687,영남3팀
SPB-43688,훈련원4팀
SPB-43692,영남3팀
SPB-43695,영남1팀
SPB-43705,훈련원3팀
SPB-43720,세종로2팀
SPB-43725,훈련원1팀
SPB-43727,중랑2팀
SPB-43739,훈련원1팀
SPB-43740,세종로2팀
SPB-43757,세종로1팀
SPB-43767,영남3팀
SPB-43780,영남3팀
SPB-43790,상암1팀
SPB-43799,영남1팀
SPB-43811,영남3팀
SPB-43815,중랑1팀
SPB-43824,훈련원1팀
SPB-43828,중랑2팀
SPB-43842,훈련원3팀
SPB-43852,상암1팀
SPB-43858,중랑2팀
SPB-43860,훈련원3팀
SPB-43863,개화3팀
SPB-43865,영남1팀
SPB-43875,상암1팀
SPB-43888,영남3팀
SPB-43901,영남1팀
SPB-43904,상암1팀
SPB-43912,훈련원3팀
SPB-43915,영남1팀
SPB-43928,상암1팀
SPB-43933,개화4팀
SPB-43943,중랑1팀
SPB-43949,세종로2팀
SPB-43950,영남3팀
SPB-43952,훈련원1팀
SPB-43956,상암1팀
SPB-43958,개화3팀
SPB-43967,영남1팀
SPB-43970,중랑1팀
SPB-43971,중랑2팀
SPB-43972,영남1팀
SPB-43980,중랑1팀
SPB-43983,훈련원1팀
SPB-43990,상암1팀
SPB-43994,상암1팀
SPB-43998,훈련원3팀
SPB-44010,중랑1팀
SPB-44011,세종로 4팀
SPB-44034,영남1팀
SPB-44043,상암1팀
SPB-44045,세종로1팀
SPB-44046,세종로2팀
SPB-44059,세종로1팀
SPB-44061,훈련원1팀
SPB-44065,영남3팀
SPB-44070,상암1팀
SPB-44078,중랑1팀
SPB-44086,영남1팀
SPB-44108,영남1팀
SPB-44116,영남1팀
SPB-44118,개화3팀
SPB-44121,개화3팀
SPB-44127,훈련원1팀
SPB-44131,상암1팀
SPB-44134,중랑1팀
SPB-44139,개화3팀
SPB-44143,세종로2팀
SPB-44149,중랑1팀
SPB-44154,영남1팀
SPB-44159,영남3팀
SPB-44164,영남1팀
SPB-44166,훈련원4팀
SPB-44179,상암1팀
SPB-44183,상암1팀
SPB-44185,영남1팀
SPB-44186,상암1팀
SPB-44192,상암1팀
SPB-44199,세종로1팀
SPB-44200,중랑2팀
SPB-44223,상암1팀
SPB-44226,훈련원3팀
SPB-44231,훈련원4팀
SPB-44250,세종로1팀
SPB-44256,상암1팀
SPB-44260,상암1팀
SPB-44261,훈련원3팀
SPB-44267,상암2팀
SPB-44270,영남1팀
SPB-44284,상암1팀
SPB-44288,상암1팀
SPB-44290,세종로1팀
SPB-44293,상암1팀
SPB-44300,영남3팀
SPB-44303,훈련원1팀
SPB-44320,훈련원4팀
SPB-44325,상암1팀
SPB-44326,세종로1팀
SPB-44332,영남1팀
SPB-44335,중랑1팀
SPB-44336,영남1팀
SPB-44339,훈련원4팀
SPB-44360,세종로2팀
SPB-44371,영남1팀
SPB-44379,상암2팀
SPB-44386,상암1팀
SPB-44400,중랑2팀
SPB-44406,상암1팀
SPB-44413,영남1팀
SPB-44416,훈련원1팀
SPB-44435,중랑1팀
SPB-44440,영남1팀
SPB-44443,영남1팀
SPB-44448,훈련원1팀
SPB-44454,중랑2팀
SPB-44457,중랑1팀
SPB-44475,세종로2팀
SPB-44503,상암2팀
SPB-44511,영남1팀
SPB-44530,영남3팀
SPB-44538,훈련원1팀
SPB-44540,영남1팀
SPB-44544,천왕1팀
SPB-44550,중랑2팀
SPB-44563,영남3팀
SPB-44566,상암1팀
SPB-44569,훈련원1팀
SPB-44589,영남3팀
SPB-44590,상암1팀
SPB-44591,훈련원1팀
SPB-44600,영남1팀
SPB-44611,훈련원1팀
SPB-44639,중랑2팀
SPB-44646,상암2팀
SPB-44648,영남1팀
SPB-44649,개화4팀
SPB-44650,중랑2팀
SPB-44662,훈련원1팀
SPB-44669,개화4팀
SPB-44680,영남1팀
SPB-44689,영남3팀
SPB-44692,상암1팀
SPB-44694,중랑1팀
SPB-44695,영남1팀
SPB-44707,중랑1팀
SPB-44713,훈련원3팀
SPB-44717,중랑1팀
SPB-44719,훈련원3팀
SPB-44721,중랑2팀
SPB-44739,중랑2팀
SPB-44742,상암1팀
SPB-44744,세종로2팀
SPB-44749,세종로1팀
SPB-44750,영남3팀
SPB-44753,중랑1팀
SPB-44756,훈련원3팀
SPB-44760,개화3팀
SPB-44771,영남1팀
SPB-44773,중랑2팀
SPB-44776,영남3팀
SPB-44783,훈련원3팀
SPB-44786,영남3팀
SPB-44794,상암1팀
SPB-44798,영남3팀
SPB-44827,세종로2팀
SPB-44834,천왕1팀
SPB-44846,세종로1팀
SPB-44849,개화3팀
SPB-44851,영남1팀
SPB-44864,영남3팀
SPB-44870,중랑2팀
SPB-44871,세종로2팀
SPB-44874,중랑1팀
SPB-44877,영남1팀
SPB-44880,훈련원1팀
SPB-44887,훈련원3팀
SPB-44890,훈련원4팀
SPB-44907,영남1팀
SPB-44928,영남1팀
SPB-44929,훈련원3팀
SPB-44930,훈련원1팀
SPB-44964,세종로2팀
SPB-44973,영남1팀
SPB-44984,중랑2팀
SPB-44986,중랑2팀
SPB-44990,훈련원4팀
SPB-45001,영남3팀
SPB-45002,중랑2팀
SPB-45010,영남1팀
SPB-45023,상암1팀
SPB-45038,훈련원3팀
SPB-45040,영남3팀
SPB-45044,상암1팀
SPB-45051,상암1팀
SPB-45053,영남1팀
SPB-45056,중랑2팀
SPB-45066,상암1팀
SPB-45067,훈련원1팀
SPB-45072,상암1팀
SPB-45076,상암1팀
SPB-45079,영남1팀
SPB-45094,상암1팀
SPB-45096,세종로 4팀
SPB-45106,영남1팀
SPB-45109,상암1팀
SPB-45111,개화4팀
SPB-45120,개화3팀
SPB-45121,영남1팀
SPB-45122,상암1팀
SPB-45124,중랑1팀
SPB-45126,상암1팀
SPB-45130,세종로 4팀
SPB-45134,상암1팀
SPB-45147,중랑1팀
SPB-45152,상암1팀
SPB-45154,영남1팀
SPB-45161,훈련원1팀
SPB-45162,상암1팀
SPB-45163,상암1팀
SPB-45179,영남1팀
SPB-45188,상암1팀
SPB-45205,훈련원3팀
SPB-45206,영남1팀
SPB-45212,중랑2팀
SPB-45219,상암1팀
SPB-45227,영남3팀
SPB-45230,세종로1팀
SPB-45232,영남1팀
SPB-45241,훈련원1팀
SPB-45250,훈련원1팀
SPB-45257,상암2팀
SPB-45266,상암1팀
SPB-45271,상암1팀
SPB-45272,영남3팀
SPB-45274,영남1팀
SPB-45282,상암2팀
SPB-45291,상암2팀
SPB-45303,영남3팀
SPB-45309,영남3팀
SPB-45311,훈련원1팀
SPB-45321,훈련원1팀
SPB-45324,중랑1팀
SPB-45325,중랑1팀
SPB-45337,영남1팀
SPB-45347,상암1팀
SPB-45352,영남3팀
SPB-45358,영남3팀
SPB-45361,상암1팀
SPB-45363,훈련원1팀
SPB-45378,영남1팀
SPB-45381,영남3팀
SPB-45388,훈련원1팀
SPB-45395,상암1팀
SPB-45402,훈련원1팀
SPB-45406,세종로2팀
SPB-45414,개화4팀
SPB-45415,영남1팀
SPB-45421,중랑2팀
SPB-45425,훈련원4팀
SPB-45429,훈련원1팀
SPB-45447,상암1팀
SPB-45451,영남1팀
SPB-45455,개화3팀
SPB-45457,영남3팀
SPB-45467,영남1팀
SPB-45470,훈련원3팀
SPB-45483,영남3팀
SPB-45495,상암2팀
SPB-45497,상암1팀
SPB-45499,중랑1팀
SPB-45505,훈련원4팀
SPB-45507,중랑1팀
SPB-45509,훈련원4팀
SPB-45515,세종로1팀
SPB-45524,훈련원3팀
SPB-45529,훈련원3팀
SPB-45543,중랑1팀
SPB-45545,훈련원1팀
SPB-45552,영남3팀
SPB-45556,중랑1팀
SPB-45557,영남3팀
SPB-45569,상암1팀
SPB-45571,중랑1팀
SPB-45578,훈련원4팀
SPB-45581,중랑1팀
SPB-45620,개화3팀
SPB-45626,개화3팀
SPB-45628,상암1팀
SPB-45629,상암1팀
SPB-45634,영남1팀
SPB-45638,상암1팀
SPB-45641,훈련원1팀
SPB-45644,상암1팀
SPB-45648,중랑2팀
SPB-45664,상암1팀
SPB-45667,세종로1팀
SPB-45668,영남3팀
SPB-45677,상암1팀
SPB-45678,영남3팀
SPB-45681,영남1팀
SPB-45682,영남3팀
SPB-45686,상암1팀
SPB-45689,중랑2팀
SPB-45692,훈련원3팀
SPB-45708,훈련원1팀
SPB-45714,영남3팀
SPB-45721,영남3팀
SPB-45745,상암2팀
SPB-45753,상암1팀
SPB-45760,영남3팀
SPB-45765,상암1팀
SPB-45778,상암1팀
SPB-45779,영남1팀
SPB-45788,상암1팀
SPB-45790,세종로1팀
SPB-45793,중랑2팀
SPB-45796,상암1팀
SPB-45803,영남1팀
SPB-45811,천왕1팀
SPB-45812,영남3팀
SPB-45823,중랑2팀
SPB-45827,개화4팀
SPB-45829,훈련원3팀
SPB-45836,세종로2팀
SPB-45838,중랑1팀
SPB-45842,영남1팀
SPB-45844,영남1팀
SPB-45846,상암1팀
SPB-45850,상암2팀
SPB-45855,상암1팀
SPB-45866,개화4팀
SPB-45867,영남1팀
SPB-45875,훈련원1팀
SPB-45882,개화4팀
SPB-45888,훈련원1팀
SPB-45892,상암1팀
SPB-45904,중랑1팀
SPB-45906,훈련원4팀
SPB-45914,개화4팀
SPB-45915,훈련원1팀
SPB-45922,영남3팀
SPB-45923,영남1팀
SPB-45928,중랑2팀
SPB-45930,세종로2팀
SPB-45953,영남1팀
SPB-45954,훈련원1팀
SPB-45967,영남1팀
SPB-45981,영남1팀
SPB-45993,영남1팀
SPB-45998,영남1팀
SPB-46005,세종로1팀
SPB-46013,상암2팀
SPB-46014,중랑1팀
SPB-46015,상암2팀
SPB-46017,상암1팀
SPB-46026,영남1팀
SPB-46027,세종로1팀
SPB-46047,영남1팀
SPB-46048,중랑2팀
SPB-46051,훈련원4팀
SPB-46054,영남1팀
SPB-46055,중랑1팀
SPB-46068,훈련원4팀
SPB-46071,천왕1팀
SPB-46088,중랑2팀
SPB-46089,상암1팀
SPB-46098,개화4팀
SPB-46117,세종로1팀
SPB-46127,중랑2팀
SPB-46128,훈련원3팀
SPB-46129,영남3팀
SPB-46143,개화3팀
SPB-46145,훈련원1팀
SPB-46155,중랑2팀
SPB-46165,상암1팀
SPB-46169,훈련원4팀
SPB-46172,중랑1팀
SPB-46181,영남3팀
SPB-46190,훈련원3팀
SPB-46201,상암1팀
SPB-46205,영남1팀
SPB-46206,중랑2팀
SPB-46213,영남1팀
SPB-46218,영남1팀
SPB-46227,상암2팀
SPB-46231,상암1팀
SPB-46242,영남1팀
SPB-46245,영남1팀
SPB-46252,영남3팀
SPB-46263,상암1팀
SPB-46269,중랑2팀
SPB-46284,영남1팀
SPB-46292,개화3팀
SPB-46294,영남3팀
SPB-46310,세종로1팀
SPB-46311,훈련원4팀
SPB-46312,훈련원4팀
SPB-46313,개화3팀
SPB-46316,중랑1팀
SPB-46321,중랑2팀
SPB-46324,세종로2팀
SPB-46330,영남3팀
SPB-46332,훈련원4팀
SPB-46333,영남1팀
SPB-46335,중랑1팀
SPB-46336,영남1팀
SPB-46339,영남1팀
SPB-46342,훈련원1팀
SPB-46349,상암1팀
SPB-46357,영남3팀
SPB-46360,상암1팀
SPB-46361,영남3팀
SPB-46364,훈련원3팀
SPB-46366,중랑2팀
SPB-46368,영남1팀
SPB-46370,영남3팀
SPB-46373,상암1팀
SPB-46374,중랑2팀
SPB-46375,영남1팀
SPB-46381,영남3팀
SPB-46385,영남3팀
SPB-46386,상암1팀
SPB-46394,개화4팀
SPB-46397,중랑2팀
SPB-46404,개화4팀
SPB-46413,영남1팀
SPB-46418,중랑2팀
SPB-46425,개화4팀
SPB-46442,영남3팀
SPB-46449,중랑1팀
SPB-46451,중랑2팀
SPB-46453,세종로2팀
SPB-46459,영남1팀
SPB-46468,중랑2팀
SPB-46487,영남1팀
SPB-46492,훈련원3팀
SPB-46497,영남1팀
SPB-46500,중랑1팀
SPB-46506,영남1팀
SPB-46510,개화4팀
SPB-46511,훈련원1팀
SPB-46512,영남3팀
SPB-46513,상암1팀
SPB-46517,영남3팀
SPB-46518,중랑1팀
SPB-46519,상암1팀
SPB-46526,영남1팀
SPB-46530,영남3팀
SPB-46538,영남3팀
SPB-46540,중랑1팀
SPB-46546,영남3팀
SPB-46547,상암1팀
SPB-46548,훈련원3팀
SPB-46551,상암1팀
SPB-46552,훈련원3팀
SPB-46556,중랑2팀
SPB-46559,영남1팀
SPB-46562,훈련원1팀
SPB-46563,중랑2팀
SPB-46564,상암2팀
SPB-46568,훈련원4팀
SPB-46574,상암1팀
SPB-46576,훈련원1팀
SPB-46578,영남1팀
SPB-46582,중랑2팀
SPB-46583,개화3팀
SPB-46589,중랑1팀
SPB-46590,영남1팀
SPB-46595,상암1팀
SPB-46607,중랑1팀
SPB-46622,상암1팀
SPB-46623,훈련원3팀
SPB-46625,상암1팀
SPB-46626,상암1팀
SPB-46627,영남3팀
SPB-46632,상암1팀
SPB-46636,훈련원1팀
SPB-46637,세종로1팀
SPB-46642,훈련원3팀
SPB-46647,훈련원1팀
SPB-46660,훈련원1팀
SPB-46661,영남3팀
SPB-46669,훈련원4팀
SPB-46688,세종로1팀
SPB-46695,중랑2팀
SPB-46702,세종로1팀
SPB-46704,영남1팀
SPB-46705,상암1팀
SPB-46714,훈련원1팀
SPB-46720,영남3팀
SPB-46724,중랑1팀
SPB-46725,상암1팀
SPB-46732,영남3팀
SPB-46740,영남1팀
SPB-46748,상암2팀
SPB-46753,상암1팀
SPB-46756,훈련원4팀
SPB-46776,훈련원4팀
SPB-46778,훈련원4팀
SPB-46785,훈련원3팀
SPB-46794,영남1팀
SPB-46805,영남1팀
SPB-46817,중랑1팀
SPB-46827,상암1팀
SPB-46836,훈련원3팀
SPB-46839,상암1팀
SPB-46840,영남1팀
SPB-46843,세종로1팀
SPB-46844,훈련원3팀
SPB-46850,상암1팀
SPB-46852,훈련원4팀
SPB-46855,상암1팀
SPB-46866,영남1팀
SPB-46872,영남3팀
SPB-46878,상암1팀
SPB-46885,세종로1팀
SPB-46891,훈련원4팀
SPB-46892,영남1팀
SPB-46901,상암1팀
SPB-46919,개화4팀
SPB-46924,세종로1팀
SPB-46926,천왕1팀
SPB-46937,중랑2팀
SPB-46939,영남1팀
SPB-46942,세종로2팀
SPB-46959,중랑2팀
SPB-46960,훈련원4팀
SPB-46962,개화3팀
SPB-46966,중랑1팀
SPB-46977,중랑2팀
SPB-46979,세종로2팀
SPB-46981,개화3팀
SPB-46984,영남3팀
SPB-47000,영남1팀
SPB-47007,훈련원4팀
SPB-47015,훈련원1팀
SPB-47021,영남1팀
SPB-47030,영남3팀
SPB-47037,세종로1팀
SPB-47043,훈련원4팀
SPB-47048,영남1팀
SPB-47050,중랑2팀
SPB-47052,개화4팀
SPB-47055,세종로2팀
SPB-47059,영남1팀
SPB-47060,영남1팀
SPB-47072,영남1팀
SPB-47073,개화3팀
SPB-47077,상암1팀
SPB-47080,영남3팀
SPB-47081,훈련원1팀
SPB-47082,영남3팀
SPB-47085,세종로 4팀
SPB-47086,세종로2팀
SPB-47088,상암1팀
SPB-47089,세종로1팀
SPB-47099,세종로 4팀
SPB-47101,훈련원4팀
SPB-47102,세종로 4팀
SPB-47111,개화3팀
SPB-47113,훈련원4팀
SPB-47114,영남3팀
SPB-47117,상암1팀
SPB-47120,중랑1팀
SPB-47126,중랑1팀
SPB-47139,중랑2팀
SPB-47141,상암1팀
SPB-47143,영남1팀
SPB-47147,영남1팀
SPB-47153,중랑2팀
SPB-47166,중랑1팀
SPB-47171,영남1팀
SPB-47172,영남3팀
SPB-47177,훈련원4팀
SPB-47179,영남1팀
SPB-47194,영남3팀
SPB-47199,중랑1팀
SPB-47208,상암2팀
SPB-47209,영남1팀
SPB-47211,영남3팀
SPB-47217,상암1팀
SPB-47230,영남1팀
SPB-47231,훈련원4팀
SPB-47233,상암1팀
SPB-47270,영남3팀
SPB-47283,훈련원1팀
SPB-47284,영남3팀
SPB-47286,영남1팀
SPB-47292,상암1팀
SPB-47300,영남3팀
SPB-47308,영남1팀
SPB-47320,훈련원4팀
SPB-47324,상암1팀
SPB-47331,세종로1팀
SPB-47340,영남1팀
SPB-47347,훈련원3팀
SPB-47356,영남3팀
SPB-47363,상암1팀
SPB-47376,영남1팀
SPB-47384,중랑1팀
SPB-47387,중랑2팀
SPB-47396,훈련원1팀
SPB-47404,영남3팀
SPB-47405,영남1팀
SPB-47408,상암1팀
SPB-47412,영남1팀
SPB-47414,영남3팀
SPB-47415,훈련원4팀
SPB-47422,세종로1팀
SPB-47431,훈련원1팀
SPB-47437,훈련원3팀
SPB-47449,개화4팀
SPB-47460,세종로2팀
SPB-47461,훈련원4팀
SPB-47465,영남3팀
SPB-47470,세종로2팀
SPB-47472,세종로2팀
SPB-47473,중랑2팀
SPB-47482,영남1팀
SPB-47485,영남3팀
SPB-47491,훈련원1팀
SPB-47492,상암1팀
SPB-47494,상암2팀
SPB-47541,상암1팀
SPB-47542,상암1팀
SPB-47543,영남1팀
SPB-47545,영남1팀
SPB-47546,상암1팀
SPB-47558,상암2팀
SPB-47565,상암1팀
SPB-47566,훈련원1팀
SPB-47575,훈련원1팀
SPB-47576,훈련원3팀
SPB-47577,영남1팀
SPB-47579,중랑2팀
SPB-47596,훈련원3팀
SPB-47598,중랑2팀
SPB-47613,상암1팀
SPB-47615,훈련원4팀
SPB-47618,훈련원1팀
SPB-47639,개화3팀
SPB-47645,상암2팀
SPB-47650,중랑1팀
SPB-47660,천왕1팀
SPB-47668,상암1팀
SPB-47672,훈련원1팀
SPB-47673,영남1팀
SPB-47679,영남1팀
SPB-47682,영남3팀
SPB-47696,훈련원3팀
SPB-47697,상암1팀
SPB-47698,중랑2팀
SPB-47700,중랑2팀
SPB-47703,중랑1팀
SPB-47708,개화4팀
SPB-47711,중랑2팀
SPB-47713,상암2팀
SPB-47716,중랑2팀
SPB-47717,훈련원1팀
SPB-47718,중랑2팀
SPB-47719,훈련원1팀
SPB-47723,세종로 4팀
SPB-47727,훈련원3팀
SPB-47728,영남1팀
SPB-47734,영남1팀
SPB-47739,영남1팀
SPB-47740,중랑2팀
SPB-47747,개화3팀
SPB-47752,영남3팀
SPB-47753,상암1팀
SPB-47754,영남1팀
SPB-47756,상암1팀
SPB-47761,영남1팀
SPB-47764,훈련원4팀
SPB-47765,상암1팀
SPB-47771,세종로2팀
SPB-47775,상암2팀
SPB-47778,훈련원1팀
SPB-47781,개화4팀
SPB-47782,개화4팀
SPB-47788,훈련원1팀
SPB-47789,영남1팀
SPB-47791,영남3팀
SPB-47796,상암1팀
SPB-47799,영남1팀
SPB-47802,영남3팀
SPB-47803,세종로2팀
SPB-47804,훈련원4팀
SPB-47808,영남3팀
SPB-47809,영남1팀
SPB-47811,중랑1팀
SPB-47813,중랑1팀
SPB-47814,영남1팀
SPB-47816,영남3팀
SPB-47817,영남3팀
SPB-47818,영남1팀
SPB-47820,상암2팀
SPB-47824,영남1팀
SPB-47825,상암2팀
SPB-47828,훈련원4팀
SPB-47829,중랑2팀
SPB-47831,훈련원3팀
SPB-47832,개화4팀
SPB-47833,훈련원4팀
SPB-47837,상암1팀
SPB-47842,영남1팀
SPB-47844,훈련원3팀
SPB-47845,영남3팀
SPB-47850,중랑1팀
SPB-47855,훈련원1팀
SPB-47858,영남3팀
SPB-47859,개화4팀
SPB-47861,훈련원3팀
SPB-47862,중랑2팀
SPB-47863,영남1팀
SPB-47867,중랑2팀
SPB-47870,훈련원1팀
SPB-47872,훈련원1팀
SPB-47874,상암1팀
SPB-47876,상암1팀
SPB-47877,중랑2팀
SPB-47881,영남1팀
SPB-47887,상암1팀
SPB-47888,중랑2팀
SPB-47894,영남1팀
SPB-47897,훈련원1팀
SPB-47909,중랑1팀
SPB-47913,영남1팀
SPB-47917,훈련원1팀
SPB-47921,영남1팀
SPB-47925,상암1팀
SPB-47926,중랑1팀
SPB-47929,상암2팀
SPB-47932,훈련원1팀
SPB-47934,상암1팀
SPB-47935,영남3팀
SPB-47937,중랑1팀
SPB-47947,영남3팀
SPB-47948,개화3팀
SPB-47949,영남1팀
SPB-47950,상암2팀
SPB-47952,훈련원4팀
SPB-47955,중랑2팀
SPB-47963,훈련원4팀
SPB-47965,상암1팀
SPB-47969,훈련원4팀
SPB-47970,영남1팀
SPB-47976,훈련원3팀
SPB-47977,훈련원4팀
SPB-47979,상암1팀
SPB-47980,상암2팀
SPB-47986,영남3팀
SPB-47988,개화4팀
SPB-47993,훈련원3팀
SPB-47994,개화4팀
SPB-47996,훈련원1팀
SPB-47998,훈련원4팀
SPB-47999,중랑2팀
SPB-48001,상암1팀
SPB-48004,상암1팀
SPB-48006,훈련원4팀
SPB-48007,훈련원3팀
SPB-48010,영남3팀
SPB-48011,상암1팀
SPB-48016,세종로2팀
SPB-48017,중랑2팀
SPB-48019,훈련원1팀
SPB-48027,상암1팀
SPB-48033,상암1팀
SPB-48040,훈련원4팀
SPB-48042,상암1팀
SPB-48043,훈련원4팀
SPB-48046,중랑1팀
SPB-48053,상암1팀
SPB-48055,중랑2팀
SPB-48056,훈련원4팀
SPB-48057,영남1팀
SPB-48058,훈련원3팀
SPB-48059,영남3팀
SPB-48062,개화4팀
SPB-48063,영남1팀
SPB-48066,훈련원4팀
SPB-48072,중랑1팀
SPB-48075,상암1팀
SPB-48076,영남1팀
SPB-48085,상암1팀
SPB-48086,상암2팀
SPB-48098,훈련원3팀
SPB-48101,훈련원4팀
SPB-48107,훈련원4팀
SPB-48112,훈련원1팀
SPB-48114,세종로1팀
SPB-48115,상암2팀
SPB-48116,영남3팀
SPB-48119,훈련원1팀
SPB-48120,세종로2팀
SPB-48122,중랑2팀
SPB-48125,훈련원1팀
SPB-48127,훈련원4팀
SPB-48132,상암1팀
SPB-48133,세종로2팀
SPB-48135,영남1팀
SPB-48139,중랑2팀
SPB-48143,상암2팀
SPB-48148,상암1팀
SPB-48151,상암2팀
SPB-48153,상암1팀
SPB-48160,상암1팀
SPB-48161,영남3팀
SPB-48165,영남1팀
SPB-48169,상암1팀
SPB-48171,영남3팀
SPB-48174,중랑1팀
SPB-48176,영남1팀
SPB-48177,상암2팀
SPB-48178,중랑1팀
SPB-48180,중랑1팀
SPB-48185,영남1팀
SPB-48192,상암1팀
SPB-48200,훈련원3팀
SPB-48202,훈련원3팀
SPB-48207,영남3팀
SPB-48208,훈련원4팀
SPB-48218,중랑2팀
SPB-48224,중랑1팀
SPB-48226,영남1팀
SPB-48229,훈련원4팀
SPB-48231,상암1팀
SPB-48232,영남1팀
SPB-48234,상암1팀
SPB-48242,영남3팀
SPB-48246,상암1팀
SPB-48247,영남1팀
SPB-48248,상암2팀
SPB-48250,세종로1팀
SPB-48256,중랑1팀
SPB-48258,개화3팀
SPB-48259,상암1팀
SPB-48260,영남3팀
SPB-48268,영남3팀
SPB-48271,상암1팀
SPB-48272,훈련원3팀
SPB-48276,영남1팀
SPB-48277,중랑1팀
SPB-48282,훈련원3팀
SPB-48283,중랑1팀
SPB-48285,상암1팀
SPB-48288,중랑1팀
SPB-48289,중랑2팀
SPB-48291,훈련원1팀
SPB-48298,중랑2팀
SPB-48301,상암1팀
SPB-48306,중랑2팀
SPB-48312,영남3팀
SPB-48314,개화2팀
SPB-48319,훈련원3팀
SPB-48322,상암1팀
SPB-48323,개화3팀
SPB-48327,상암2팀
SPB-48343,훈련원4팀
SPB-48349,영남3팀
SPB-48350,영남1팀
SPB-48352,중랑1팀
SPB-48358,훈련원4팀
SPB-48363,중랑1팀
SPB-48364,상암1팀
SPB-48368,영남1팀
SPB-48372,훈련원3팀
SPB-48376,개화3팀
SPB-48382,상암2팀
SPB-48384,중랑2팀
SPB-48386,훈련원1팀
SPB-48387,상암1팀
SPB-48388,중랑2팀
SPB-48390,상암1팀
SPB-48395,상암1팀
SPB-48403,개화3팀
SPB-48405,영남1팀
SPB-48411,영남3팀
SPB-48413,상암1팀
SPB-48415,영남1팀
SPB-48417,영남2팀
SPB-48418,훈련원1팀
SPB-48421,중랑2팀
SPB-48422,영남1팀
SPB-48425,영남3팀
SPB-48426,훈련원1팀
SPB-48428,훈련원3팀
SPB-48430,영남1팀
SPB-48434,중랑1팀
SPB-48435,중랑2팀
SPB-48441,영남1팀
SPB-48443,영남3팀
SPB-48445,세종로2팀
SPB-48446,훈련원4팀
SPB-48448,훈련원4팀
SPB-48450,개화4팀
SPB-48454,세종로2팀
SPB-48459,영남3팀
SPB-48461,영남1팀
SPB-48462,영남3팀
SPB-48463,영남1팀
SPB-48466,훈련원4팀
SPB-48467,중랑1팀
SPB-48469,상암2팀
SPB-48472,세종로 4팀
SPB-48473,훈련원3팀
SPB-48475,영남1팀
SPB-48476,중랑2팀
SPB-48477,영남1팀
SPB-48495,세종로 4팀
SPB-48498,훈련원3팀
SPB-48499,세종로1팀
SPB-48501,세종로1팀
SPB-48507,영남1팀
SPB-48511,영남3팀
SPB-48513,영남1팀
SPB-48517,훈련원4팀
SPB-48518,중랑2팀
SPB-48520,훈련원4팀
SPB-48524,영남1팀
SPB-48525,영남1팀
SPB-48527,중랑1팀
SPB-48531,훈련원4팀
SPB-48536,상암1팀
SPB-48537,영남3팀
SPB-48538,개화3팀
SPB-48541,중랑1팀
SPB-48543,세종로 4팀
SPB-48544,중랑1팀
SPB-48548,중랑2팀
SPB-48552,훈련원1팀
SPB-48554,훈련원3팀
SPB-48563,상암1팀
SPB-48566,영남1팀
SPB-48567,개화3팀
SPB-48568,영남3팀
SPB-48569,영남1팀
SPB-48570,영남1팀
SPB-48577,상암1팀
SPB-48579,상암1팀
SPB-48581,상암1팀
SPB-48588,영남1팀
SPB-48589,중랑1팀
SPB-48596,영남1팀
SPB-48598,훈련원3팀
SPB-48603,영남1팀
SPB-48605,중랑2팀
SPB-48606,개화3팀
SPB-48608,훈련원1팀
SPB-48609,훈련원3팀
SPB-48610,상암2팀
SPB-48611,중랑1팀
SPB-48612,훈련원4팀
SPB-48614,세종로2팀
SPB-48621,상암1팀
SPB-48634,훈련원3팀
SPB-48640,개화3팀
SPB-48644,세종로2팀
SPB-48649,훈련원3팀
SPB-48652,훈련원3팀
SPB-48655,상암1팀
SPB-48658,중랑2팀
SPB-48659,훈련원4팀
SPB-48661,영남1팀
SPB-48666,훈련원1팀
SPB-48670,상암2팀
SPB-48671,영남3팀
SPB-48674,중랑1팀
SPB-48675,중랑1팀
SPB-48676,훈련원4팀
SPB-48680,개화3팀
SPB-48685,상암1팀
SPB-48686,영남3팀
SPB-48687,상암2팀
SPB-48688,상암2팀
SPB-48693,훈련원1팀
SPB-48694,상암1팀
SPB-48697,상암1팀
SPB-48698,영남3팀
SPB-48702,상암2팀
SPB-48705,세종로2팀
SPB-48706,개화3팀
SPB-48709,상암2팀
SPB-48713,영남1팀
SPB-48720,영남1팀
SPB-48721,세종로2팀
SPB-48722,상암1팀
SPB-48725,개화3팀
SPB-48729,개화3팀
SPB-48732,중랑2팀
SPB-48741,훈련원4팀
SPB-48755,훈련원4팀
SPB-48760,영남1팀
SPB-48767,영남1팀
SPB-48773,중랑2팀
SPB-48774,개화3팀
SPB-48779,영남3팀
SPB-48780,상암1팀
SPB-48781,영남1팀
SPB-48786,영남3팀
SPB-48788,영남3팀
SPB-48790,상암1팀
SPB-48791,영남1팀
SPB-48792,중랑2팀
SPB-48793,영남1팀
SPB-48795,영남3팀
SPB-48798,상암1팀
SPB-48800,중랑2팀
SPB-48806,영남1팀
SPB-48807,영남3팀
SPB-48809,영남3팀
SPB-48813,영남3팀
SPB-48816,영남1팀
SPB-48822,영남3팀
SPB-48828,상암1팀
SPB-48829,영남1팀
SPB-48837,영남1팀
SPB-48838,세종로2팀
SPB-48843,영남1팀
SPB-48852,영남1팀
SPB-48854,세종로 4팀
SPB-48855,상암1팀
SPB-48859,훈련원1팀
SPB-48861,훈련원3팀
SPB-48863,영남3팀
SPB-48866,천왕1팀
SPB-48867,상암1팀
SPB-48869,영남1팀
SPB-48872,훈련원4팀
SPB-48873,중랑2팀
SPB-48878,세종로1팀
SPB-48879,영남3팀
SPB-48884,영남1팀
SPB-48885,상암1팀
SPB-48888,개화4팀
SPB-48892,개화4팀
SPB-48893,상암2팀
SPB-48896,훈련원1팀
SPB-48897,영남2팀
SPB-48900,훈련원4팀
SPB-48902,세종로2팀
SPB-48907,영남1팀
SPB-48910,상암1팀
SPB-48912,세종로2팀
SPB-48916,개화3팀
SPB-48918,중랑2팀
SPB-48923,중랑1팀
SPB-48924,훈련원4팀
SPB-48925,훈련원4팀
SPB-48928,영남1팀
SPB-48929,중랑1팀
SPB-48930,상암1팀
SPB-48933,훈련원3팀
SPB-48936,훈련원3팀
SPB-48939,상암2팀
SPB-48940,세종로2팀
SPB-48943,훈련원4팀
SPB-48944,상암1팀
SPB-48947,개화3팀
SPB-48952,훈련원1팀
SPB-48955,영남3팀
SPB-48962,상암1팀
SPB-48963,영남1팀
SPB-48964,중랑2팀
SPB-48965,상암1팀
SPB-48982,중랑1팀
SPB-48984,상암1팀
SPB-48990,훈련원4팀
SPB-48991,훈련원1팀
SPB-48992,훈련원3팀
SPB-48993,훈련원4팀
SPB-48994,영남1팀
SPB-49000,영남3팀
SPB-49002,중랑2팀
SPB-49004,영남1팀
SPB-49016,상암1팀
SPB-49018,세종로1팀
SPB-49019,영남1팀
SPB-49022,훈련원1팀
SPB-49023,중랑1팀
SPB-49027,영남1팀
SPB-49028,훈련원4팀
SPB-49033,세종로1팀
SPB-49034,중랑1팀
SPB-49035,훈련원3팀
SPB-49036,중랑2팀
SPB-49041,상암1팀
SPB-49051,영남1팀
SPB-49052,영남3팀
SPB-49053,개화3팀
SPB-49055,영남1팀
SPB-49056,영남1팀
SPB-49060,상암1팀
SPB-49063,영남3팀
SPB-49066,상암1팀
SPB-49067,영남1팀
SPB-49068,영남3팀
SPB-49070,영남3팀
SPB-49071,상암1팀
SPB-49073,영남1팀
SPB-49074,상암1팀
SPB-49083,영남3팀
SPB-49087,개화3팀
SPB-49091,개화4팀
SPB-49093,상암1팀
SPB-49094,훈련원1팀
SPB-49097,훈련원1팀
SPB-49108,상암1팀
SPB-49112,영남1팀
SPB-49114,상암1팀
SPB-49115,훈련원3팀
SPB-49116,훈련원1팀
SPB-49117,개화4팀
SPB-49119,영남1팀
SPB-49127,훈련원1팀
SPB-49130,상암1팀
SPB-49131,세종로1팀
SPB-49133,세종로1팀
SPB-49134,영남1팀
SPB-49138,영남1팀
SPB-49143,영남1팀
SPB-49145,훈련원1팀
SPB-49151,중랑1팀
SPB-49157,중랑2팀
SPB-49160,훈련원3팀
SPB-49162,훈련원4팀
SPB-49165,중랑1팀
SPB-49172,영남3팀
SPB-49173,세종로1팀
SPB-49174,영남1팀
SPB-49175,영남3팀
SPB-49179,영남1팀
SPB-49184,세종로1팀
SPB-49189,중랑2팀
SPB-49190,영남1팀
SPB-49194,상암1팀
SPB-49198,영남3팀
SPB-49201,훈련원1팀
SPB-49203,중랑2팀
SPB-49213,영남3팀
SPB-49221,훈련원4팀
SPB-49224,훈련원1팀
SPB-49226,훈련원4팀
SPB-49228,영남1팀
SPB-49230,영남1팀
SPB-49232,훈련원1팀
SPB-49238,영남1팀
SPB-49239,영남3팀
SPB-49240,중랑2팀
SPB-49241,훈련원3팀
SPB-49244,상암1팀
SPB-49253,영남1팀
SPB-49254,상암1팀
SPB-49257,영남2팀
SPB-49298,훈련원1팀
SPB-49300,중랑2팀
SPB-49302,훈련원3팀
SPB-49307,영남1팀
SPB-49308,상암1팀
SPB-49310,세종로2팀
SPB-49313,천왕1팀
SPB-49314,개화4팀
SPB-49315,개화3팀
SPB-49318,훈련원4팀
SPB-49325,중랑2팀
SPB-49335,훈련원4팀
SPB-49341,상암1팀
SPB-49343,상암1팀
SPB-49345,훈련원1팀
SPB-49346,훈련원1팀
SPB-49363,영남1팀
SPB-49364,중랑1팀
SPB-49365,중랑1팀
SPB-49366,세종로1팀
SPB-49367,상암1팀
SPB-49369,개화3팀
SPB-49371,영남3팀
SPB-49373,개화4팀
SPB-49377,상암2팀
SPB-49379,영남3팀
SPB-49392,훈련원4팀
SPB-49394,훈련원4팀
SPB-49395,훈련원3팀
SPB-49401,영남1팀
SPB-49403,영남1팀
SPB-49406,영남1팀
SPB-49407,영남3팀
SPB-49408,영남3팀
SPB-49409,영남1팀
SPB-49410,상암1팀
SPB-49416,상암1팀
SPB-49420,훈련원3팀
SPB-49421,세종로2팀
SPB-49422,개화4팀
SPB-49423,세종로1팀
SPB-49425,훈련원4팀
SPB-49427,영남3팀
SPB-49428,중랑2팀
SPB-49429,세종로2팀
SPB-49432,상암1팀
SPB-49436,중랑2팀
SPB-49438,훈련원4팀
SPB-49440,상암1팀
SPB-49441,중랑1팀
SPB-49443,영남1팀
SPB-49444,훈련원4팀
SPB-49446,중랑2팀
SPB-49447,훈련원4팀
SPB-49452,천왕1팀
SPB-49453,영남1팀
SPB-49454,상암1팀
SPB-49458,영남2팀
SPB-49461,훈련원3팀
SPB-49463,상암1팀
SPB-49470,영남3팀
SPB-49474,중랑2팀
SPB-49475,영남3팀
SPB-49481,훈련원1팀
SPB-49483,영남3팀
SPB-49486,영남3팀
SPB-49490,훈련원3팀
SPB-49491,중랑2팀
SPB-49499,훈련원1팀
SPB-49500,훈련원1팀
SPB-49501,중랑2팀
SPB-49503,상암1팀
SPB-49505,중랑1팀
SPB-49508,상암1팀
SPB-49510,상암1팀
SPB-49511,훈련원3팀
SPB-49512,영남1팀
SPB-49513,영남1팀
SPB-49520,중랑1팀
SPB-49528,중랑1팀
SPB-49532,훈련원1팀
SPB-49539,중랑1팀
SPB-49542,상암1팀
SPB-49543,훈련원1팀
SPB-49549,영남3팀
SPB-49554,영남3팀
SPB-49558,중랑2팀
SPB-50002,중랑2팀
SPB-50004,훈련원4팀
SPB-50007,영남1팀
SPB-50013,영남1팀
SPB-50014,상암1팀
SPB-50016,훈련원4팀
SPB-50030,영남3팀
SPB-50031,상암1팀
SPB-50033,중랑2팀
SPB-50038,상암1팀
SPB-50039,상암1팀
SPB-50040,영남3팀
SPB-50041,훈련원4팀
SPB-50042,영남1팀
SPB-50043,세종로2팀
SPB-50044,훈련원4팀
SPB-50045,세종로1팀
SPB-50046,영남3팀
SPB-50051,영남3팀
SPB-50052,영남3팀
SPB-50057,영남1팀
SPB-50067,훈련원4팀
SPB-50072,영남1팀
SPB-50074,상암1팀
SPB-50076,훈련원1팀
SPB-50077,상암1팀
SPB-50078,훈련원3팀
SPB-50080,영남1팀
SPB-50082,훈련원3팀
SPB-50086,훈련원1팀
SPB-50090,영남1팀
SPB-50092,영남1팀
SPB-50094,영남3팀
SPB-50095,영남3팀
SPB-50096,상암1팀
SPB-50097,훈련원4팀
SPB-50101,개화3팀
SPB-50103,중랑1팀
SPB-50106,상암1팀
SPB-50108,훈련원1팀
SPB-50109,중랑1팀
SPB-50110,세종로1팀
SPB-50112,영남1팀
SPB-50113,영남1팀
SPB-50114,영남3팀
SPB-50115,훈련원3팀
SPB-50118,상암1팀
SPB-50119,훈련원1팀
SPB-50123,상암1팀
SPB-50124,영남1팀
SPB-50128,중랑1팀
SPB-50130,개화4팀
SPB-50137,훈련원4팀
SPB-50138,훈련원3팀
SPB-50139,영남1팀
SPB-50143,중랑1팀
SPB-50151,영남1팀
SPB-50153,훈련원4팀
SPB-50154,중랑2팀
SPB-50165,개화3팀
SPB-50166,세종로1팀
SPB-50177,중랑2팀
SPB-50178,중랑1팀
SPB-50179,영남1팀
SPB-50181,상암2팀
SPB-50185,중랑2팀
SPB-50190,영남1팀
SPB-50191,상암2팀
SPB-50199,세종로2팀
SPB-50203,상암1팀
SPB-50207,영남1팀
SPB-50209,훈련원1팀
SPB-50211,상암1팀
SPB-50217,중랑2팀
SPB-50220,중랑1팀
SPB-50221,상암2팀
SPB-50223,개화4팀
SPB-50227,개화3팀
SPB-50230,세종로1팀
SPB-50231,상암1팀
SPB-50239,영남3팀
SPB-50241,세종로 4팀
SPB-50243,중랑2팀
SPB-50245,세종로1팀
SPB-50246,훈련원1팀
SPB-50248,상암1팀
SPB-50250,상암1팀
SPB-50256,훈련원4팀
SPB-50264,영남3팀
SPB-50266,영남1팀
SPB-50267,중랑2팀
SPB-50268,영남1팀
SPB-50271,개화3팀
SPB-50275,훈련원4팀
SPB-50277,영남1팀
SPB-50278,영남1팀
SPB-50281,영남3팀
SPB-50285,영남1팀
SPB-50291,중랑2팀
SPB-50293,상암1팀
SPB-50294,세종로1팀
SPB-50309,상암1팀
SPB-50311,영남1팀
SPB-50313,훈련원1팀
SPB-50315,영남1팀
SPB-50317,세종로2팀
SPB-50322,영남1팀
SPB-50323,영남1팀
SPB-50325,영남1팀
SPB-50327,개화3팀
SPB-50330,상암1팀
SPB-50331,중랑2팀
SPB-50339,상암1팀
SPB-50341,세종로1팀
SPB-50343,영남3팀
SPB-50346,개화4팀
SPB-50347,훈련원4팀
SPB-50352,상암2팀
SPB-50356,훈련원4팀
SPB-50359,상암1팀
SPB-50360,중랑1팀
SPB-50361,훈련원4팀
SPB-50363,훈련원4팀
SPB-50367,중랑1팀
SPB-50372,상암1팀
SPB-50374,상암1팀
SPB-50375,상암1팀
SPB-50376,훈련원1팀
SPB-50377,영남1팀
SPB-50378,중랑2팀
SPB-50381,영남3팀
SPB-50384,영남3팀
SPB-50385,훈련원4팀
SPB-50392,훈련원3팀
SPB-50395,개화3팀
SPB-50397,세종로2팀
SPB-50398,개화3팀
SPB-50399,영남1팀
SPB-50408,영남3팀
SPB-50410,영남3팀
SPB-50411,훈련원3팀
SPB-50416,훈련원3팀
SPB-50421,훈련원4팀
SPB-50428,영남1팀
SPB-50433,훈련원3팀
SPB-50435,중랑2팀
SPB-50436,상암1팀
SPB-50440,영남3팀
SPB-50441,영남3팀
SPB-50443,중랑1팀
SPB-50445,중랑1팀
SPB-50447,훈련원1팀
SPB-50448,영남3팀
SPB-50450,훈련원4팀
SPB-50452,훈련원4팀
SPB-50456,중랑2팀
SPB-50461,상암1팀
SPB-50462,세종로1팀
SPB-50465,상암1팀
SPB-50475,중랑1팀
SPB-50478,상암1팀
SPB-50479,훈련원1팀
SPB-50481,영남1팀
SPB-50486,훈련원1팀
SPB-50488,상암1팀
SPB-50490,세종로2팀
SPB-50495,중랑2팀
SPB-50496,상암1팀
SPB-50497,개화3팀
SPB-50518,중랑1팀
SPB-50520,상암1팀
SPB-50522,상암2팀
SPB-50523,중랑2팀
SPB-50525,훈련원3팀
SPB-50527,훈련원1팀
SPB-50531,중랑1팀
SPB-50532,영남3팀
SPB-50533,상암1팀
SPB-50542,영남3팀
SPB-50543,중랑1팀
SPB-50544,영남3팀
SPB-50545,중랑1팀
SPB-50553,영남1팀
SPB-50559,훈련원1팀
SPB-50560,세종로2팀
SPB-50565,훈련원4팀
SPB-50567,중랑1팀
SPB-50568,영남1팀
SPB-50574,영남3팀
SPB-50576,개화3팀
SPB-50587,영남1팀
SPB-50588,영남3팀
SPB-50594,영남1팀
SPB-50595,상암2팀
SPB-50599,중랑2팀
SPB-50600,중랑2팀
SPB-50602,영남3팀
SPB-50603,영남3팀
SPB-50610,상암1팀
SPB-50611,중랑2팀
SPB-50615,중랑2팀
SPB-50617,훈련원3팀
SPB-50618,영남1팀
SPB-50620,영남3팀
SPB-50622,상암1팀
SPB-50626,영남3팀
SPB-50627,영남1팀
SPB-50629,천왕1팀
SPB-50631,영남1팀
SPB-50635,영남3팀
SPB-50637,훈련원1팀
SPB-50648,상암1팀
SPB-50657,세종로 4팀
SPB-50658,중랑2팀
SPB-50659,영남3팀
SPB-50661,영남3팀
SPB-50662,훈련원4팀
SPB-50663,영남1팀
SPB-50664,영남3팀
SPB-50665,훈련원3팀
SPB-50667,훈련원3팀
SPB-50669,중랑1팀
SPB-50674,영남3팀
SPB-50679,중랑1팀
SPB-50681,상암1팀
SPB-50683,중랑1팀
SPB-50689,훈련원1팀
SPB-50691,개화2팀
SPB-50692,영남3팀
SPB-50695,영남1팀
SPB-50697,상암1팀
SPB-50698,훈련원4팀
SPB-50699,영남3팀
SPB-50711,영남3팀
SPB-50712,중랑1팀
SPB-50714,영남3팀
SPB-50716,상암1팀
SPB-50720,상암1팀
SPB-50725,개화2팀
SPB-50727,중랑2팀
SPB-50728,개화4팀
SPB-50729,영남3팀
SPB-50732,영남1팀
SPB-50733,훈련원1팀
SPB-50734,세종로1팀
SPB-50738,상암1팀
SPB-50739,개화4팀
SPB-50745,중랑2팀
SPB-50748,훈련원4팀
SPB-50756,중랑1팀
SPB-50760,영남3팀
SPB-50768,훈련원1팀
SPB-50769,훈련원1팀
SPB-50771,영남1팀
SPB-50780,세종로2팀
SPB-50781,영남3팀
SPB-50783,중랑2팀
SPB-50789,영남1팀
SPB-50790,영남3팀
SPB-50794,훈련원4팀
SPB-50797,중랑1팀
SPB-50799,중랑1팀
SPB-50800,훈련원3팀
SPB-50814,상암1팀
SPB-50818,훈련원4팀
SPB-50827,상암1팀
SPB-50828,영남3팀
SPB-50829,중랑1팀
SPB-50831,훈련원3팀
SPB-50832,영남3팀
SPB-50835,영남1팀
SPB-50837,상암1팀
SPB-50838,상암1팀
SPB-50845,영남3팀
SPB-50846,천왕1팀
SPB-50853,훈련원3팀
SPB-50854,중랑2팀
SPB-50855,훈련원3팀
SPB-50858,영남3팀
SPB-50862,영남3팀
SPB-50864,영남1팀
SPB-50865,영남1팀
SPB-50870,중랑2팀
SPB-50871,영남3팀
SPB-50877,영남1팀
SPB-50884,중랑1팀
SPB-50887,훈련원4팀
SPB-50890,영남3팀
SPB-50898,상암2팀
SPB-50902,영남1팀
SPB-50903,상암1팀
SPB-50909,영남3팀
SPB-50911,중랑2팀
SPB-50914,영남1팀
SPB-50915,영남1팀
SPB-50921,중랑2팀
SPB-50928,개화3팀
SPB-50935,개화3팀
SPB-50938,훈련원3팀
SPB-50939,중랑2팀
SPB-50942,중랑1팀
SPB-50943,중랑1팀
SPB-50946,훈련원4팀
SPB-50950,중랑1팀
SPB-50951,중랑2팀
SPB-50952,개화3팀
SPB-50960,영남3팀
SPB-50961,개화4팀
SPB-50964,영남1팀
SPB-50974,상암1팀
SPB-50975,영남1팀
SPB-50981,영남1팀
SPB-50983,영남1팀
SPB-50988,중랑2팀
SPB-50991,훈련원4팀
SPB-50994,중랑1팀
SPB-50995,영남3팀
SPB-51000,훈련원4팀
SPB-51002,중랑1팀
SPB-51013,영남1팀
SPB-51014,중랑1팀
SPB-51016,중랑2팀
SPB-51017,영남1팀
SPB-51019,개화3팀
SPB-51023,훈련원1팀
SPB-51025,상암2팀
SPB-51028,중랑1팀
SPB-51030,상암1팀
SPB-51032,세종로2팀
SPB-51033,훈련원3팀
SPB-51036,개화3팀
SPB-51037,상암1팀
SPB-51040,상암2팀
SPB-51042,영남1팀
SPB-51045,상암1팀
SPB-51049,훈련원3팀
SPB-51053,상암1팀
SPB-51054,영남1팀
SPB-51056,훈련원3팀
SPB-51057,영남1팀
SPB-51065,훈련원1팀
SPB-51067,상암2팀
SPB-51073,영남3팀
SPB-51078,중랑1팀
SPB-51079,중랑1팀
SPB-51081,훈련원3팀
SPB-51083,세종로2팀
SPB-51084,중랑1팀
SPB-51087,영남1팀
SPB-51088,영남1팀
SPB-51090,영남1팀
SPB-51093,훈련원4팀
SPB-51100,영남1팀
SPB-51105,중랑1팀
SPB-51106,중랑2팀
SPB-51107,중랑2팀
SPB-51110,상암1팀
SPB-51114,훈련원1팀
SPB-51118,중랑1팀
SPB-51119,영남1팀
SPB-51123,훈련원4팀
SPB-51124,개화3팀
SPB-51127,영남1팀
SPB-51129,중랑1팀
SPB-51130,영남1팀
SPB-51140,영남1팀
SPB-51147,개화3팀
SPB-51166,상암1팀
SPB-51167,개화3팀
SPB-51170,상암1팀
SPB-51171,영남3팀
SPB-51173,영남1팀
SPB-51177,영남1팀
SPB-51182,영남3팀
SPB-51183,상암1팀
SPB-51200,개화4팀
SPB-51201,중랑1팀
SPB-51202,개화4팀
SPB-51206,훈련원4팀
SPB-51207,상암1팀
SPB-51209,상암1팀
SPB-51211,영남1팀
SPB-51212,영남3팀
SPB-51213,중랑2팀
SPB-51214,훈련원1팀
SPB-51221,훈련원3팀
SPB-51225,훈련원1팀
SPB-51226,중랑2팀
SPB-51228,중랑2팀
SPB-51232,중랑1팀
SPB-51233,훈련원1팀
SPB-51236,영남3팀
SPB-51240,훈련원4팀
SPB-51241,영남1팀
SPB-51244,중랑1팀
SPB-51247,중랑2팀
SPB-51248,영남3팀
SPB-51249,영남3팀
SPB-51251,상암1팀
SPB-51252,세종로2팀
SPB-51254,영남1팀
SPB-51257,상암2팀
SPB-51258,훈련원1팀
SPB-51259,중랑2팀
SPB-51264,중랑2팀
SPB-51270,영남1팀
SPB-51271,상암1팀
SPB-51277,중랑2팀
SPB-51280,중랑1팀
SPB-51281,훈련원1팀
SPB-51290,훈련원1팀
SPB-51292,영남2팀
SPB-51294,훈련원1팀
SPB-51295,훈련원1팀
SPB-51298,중랑2팀
SPB-51299,개화3팀
SPB-51300,중랑2팀
SPB-51303,세종로1팀
SPB-51310,중랑2팀
SPB-51312,영남1팀
SPB-51315,훈련원1팀
SPB-51317,훈련원4팀
SPB-51321,훈련원3팀
SPB-51324,훈련원3팀
SPB-51330,세종로2팀
SPB-51332,중랑1팀
SPB-51337,훈련원3팀
SPB-51340,훈련원1팀
SPB-51345,중랑1팀
SPB-51352,중랑2팀
SPB-51353,영남3팀
SPB-51355,개화3팀
SPB-51357,상암1팀
SPB-51369,중랑2팀
SPB-51370,중랑2팀
SPB-51375,영남1팀
SPB-51376,영남3팀
SPB-51387,중랑2팀
SPB-51393,중랑1팀
SPB-51399,상암1팀
SPB-51400,중랑2팀
SPB-51402,중랑2팀
SPB-51406,훈련원3팀
SPB-51408,영남1팀
SPB-51411,훈련원1팀
SPB-51415,훈련원4팀
SPB-51419,중랑2팀
SPB-51420,영남3팀
SPB-51425,상암1팀
SPB-51427,중랑2팀
SPB-51429,영남3팀
SPB-51433,영남1팀
SPB-51438,영남1팀
SPB-51446,영남1팀
SPB-51448,개화3팀
SPB-51449,중랑1팀
SPB-51451,영남3팀
SPB-51452,개화3팀
SPB-51458,세종로2팀
SPB-51459,영남3팀
SPB-51476,상암1팀
SPB-51478,상암1팀
SPB-51481,개화4팀
SPB-51489,중랑1팀
SPB-51490,세종로1팀
SPB-51491,영남3팀
SPB-51495,중랑1팀
SPB-51498,세종로2팀
SPB-51502,훈련원3팀
SPB-51503,영남3팀
SPB-51505,중랑2팀
SPB-51506,중랑1팀
SPB-51507,훈련원3팀
SPB-51515,영남3팀
SPB-51531,상암1팀
SPB-51537,영남1팀
SPB-51538,영남1팀
SPB-51539,영남1팀
SPB-51542,중랑1팀
SPB-51543,영남1팀
SPB-51544,상암1팀
SPB-51545,상암1팀
SPB-51546,영남3팀
SPB-51547,영남1팀
SPB-51549,상암1팀
SPB-51561,중랑2팀
SPB-51563,상암1팀
SPB-51564,중랑1팀
SPB-51566,영남3팀
SPB-51567,상암1팀
SPB-51574,세종로2팀
SPB-51578,상암1팀
SPB-51593,영남1팀
SPB-51601,상암1팀
SPB-51602,영남3팀
SPB-51606,개화3팀
SPB-51607,중랑2팀
SPB-51613,개화4팀
SPB-51614,훈련원4팀
SPB-51617,상암1팀
SPB-51622,상암1팀
SPB-51625,영남3팀
SPB-51631,중랑2팀
SPB-51636,세종로2팀
SPB-51643,천왕1팀
SPB-51647,세종로1팀
SPB-51649,중랑1팀
SPB-51653,세종로1팀
SPB-51654,중랑1팀
SPB-51657,개화3팀
SPB-51659,훈련원3팀
SPB-51661,훈련원1팀
SPB-51664,개화4팀
SPB-51665,중랑2팀
SPB-51667,상암1팀
SPB-51668,영남3팀
SPB-51671,영남1팀
SPB-51673,영남1팀
SPB-51674,영남3팀
SPB-51683,상암1팀
SPB-51685,상암1팀
SPB-51686,중랑2팀
SPB-51698,영남1팀
SPB-51701,훈련원4팀
SPB-51705,개화3팀
SPB-51710,상암1팀
SPB-51714,세종로2팀
SPB-51715,영남3팀
SPB-51717,영남3팀
SPB-51720,훈련원1팀
SPB-51723,중랑2팀
SPB-51725,훈련원3팀
SPB-51727,상암1팀
SPB-51729,영남1팀
SPB-51731,상암1팀
SPB-51733,영남3팀
SPB-51735,상암1팀
SPB-51744,개화4팀
SPB-51745,중랑2팀
SPB-51751,중랑2팀
SPB-51752,영남1팀
SPB-51753,훈련원3팀
SPB-51754,훈련원4팀
SPB-51756,상암1팀
SPB-51772,상암1팀
SPB-51775,세종로1팀
SPB-51782,개화4팀
SPB-51783,중랑1팀
SPB-51786,영남1팀
SPB-51788,영남3팀
SPB-51791,영남1팀
SPB-51798,영남1팀
SPB-51800,상암1팀
SPB-51805,중랑2팀
SPB-51808,상암1팀
SPB-51817,영남3팀
SPB-51818,중랑2팀
SPB-51819,상암2팀
SPB-51821,훈련원4팀
SPB-51827,상암1팀
SPB-51832,상암1팀
SPB-51833,중랑2팀
SPB-51834,상암1팀
SPB-51839,개화4팀
SPB-51841,영남1팀
SPB-51843,상암1팀
SPB-51848,훈련원3팀
SPB-51849,영남1팀
SPB-51853,상암2팀
SPB-51855,중랑1팀
SPB-51856,상암1팀
SPB-51859,상암1팀
SPB-51862,훈련원4팀
SPB-51863,중랑2팀
SPB-51867,영남3팀
SPB-51868,훈련원4팀
SPB-51871,영남3팀
SPB-51875,중랑1팀
SPB-51876,영남3팀
SPB-51878,상암1팀
SPB-51883,영남3팀
SPB-51885,훈련원4팀
SPB-51887,영남1팀
SPB-51890,영남3팀
SPB-51894,중랑2팀
SPB-51902,중랑1팀
SPB-51903,훈련원4팀
SPB-51905,훈련원3팀
SPB-51906,훈련원3팀
SPB-51909,훈련원3팀
SPB-51914,상암1팀
SPB-51916,영남1팀
SPB-51925,훈련원4팀
SPB-51929,세종로2팀
SPB-51935,세종로1팀
SPB-51937,영남1팀
SPB-51941,훈련원4팀
SPB-51949,중랑2팀
SPB-51951,상암2팀
SPB-51952,영남1팀
SPB-51953,영남3팀
SPB-51955,영남1팀
SPB-51957,영남3팀
SPB-51960,중랑1팀
SPB-51961,영남3팀
SPB-51963,상암1팀
SPB-51973,상암1팀
SPB-51975,영남1팀
SPB-51990,영남3팀
SPB-51995,중랑2팀
SPB-51996,중랑2팀
SPB-51999,훈련원4팀
SPB-52000,세종로2팀
SPB-52003,개화3팀
SPB-52008,중랑2팀
SPB-52014,개화3팀
SPB-52015,영남1팀
SPB-52016,중랑1팀
SPB-52020,훈련원4팀
SPB-52022,상암1팀
SPB-52025,영남3팀
SPB-52028,상암1팀
SPB-52037,개화2팀
SPB-52038,상암1팀
SPB-52039,영남1팀
SPB-52048,상암1팀
SPB-52049,훈련원4팀
SPB-52055,중랑2팀
SPB-52056,훈련원4팀
SPB-52063,훈련원3팀
SPB-52064,세종로 4팀
SPB-52066,중랑1팀
SPB-52076,영남3팀
SPB-52078,중랑2팀
SPB-52079,영남1팀
SPB-52086,훈련원1팀
SPB-52087,영남3팀
SPB-52090,훈련원4팀
SPB-52095,중랑2팀
SPB-52096,훈련원4팀
SPB-52106,개화3팀
SPB-52107,중랑1팀
SPB-52114,훈련원4팀
SPB-52117,영남1팀
SPB-52119,상암1팀
SPB-52120,상암1팀
SPB-52121,중랑1팀
SPB-52124,영남1팀
SPB-52129,영남3팀
SPB-52132,영남1팀
SPB-52133,중랑2팀
SPB-52134,세종로1팀
SPB-52135,상암1팀
SPB-52139,세종로 4팀
SPB-52140,상암1팀
SPB-52142,훈련원4팀
SPB-52148,훈련원4팀
SPB-52157,영남1팀
SPB-52159,상암2팀
SPB-52160,중랑2팀
SPB-52163,훈련원3팀
SPB-52165,영남1팀
SPB-52171,중랑1팀
SPB-52172,중랑1팀
SPB-52173,영남1팀
SPB-52181,상암1팀
SPB-52182,상암2팀
SPB-52196,상암1팀
SPB-52206,훈련원3팀
SPB-52207,영남1팀
SPB-52212,훈련원3팀
SPB-52217,중랑1팀
SPB-52218,상암1팀
SPB-52219,중랑2팀
SPB-52221,상암1팀
SPB-52222,중랑1팀
SPB-52223,영남3팀
SPB-52224,영남3팀
SPB-52225,세종로 4팀
SPB-52226,상암1팀
SPB-52229,영남1팀
SPB-52236,영남1팀
SPB-52237,개화4팀
SPB-52240,영남1팀
SPB-52243,개화3팀
SPB-52245,상암1팀
SPB-52246,개화4팀
SPB-52248,중랑1팀
SPB-52253,훈련원3팀
SPB-52255,훈련원4팀
SPB-52257,영남1팀
SPB-52261,개화4팀
SPB-52263,상암1팀
SPB-52265,상암1팀
SPB-52266,영남3팀
SPB-52270,상암1팀
SPB-52271,영남1팀
SPB-52272,영남3팀
SPB-52274,훈련원3팀
SPB-52279,영남1팀
SPB-52280,훈련원1팀
SPB-52282,훈련원1팀
SPB-52284,영남3팀
SPB-52288,상암2팀
SPB-52290,세종로2팀
SPB-52292,훈련원4팀
SPB-52293,중랑1팀
SPB-52297,상암1팀
SPB-52318,영남3팀
SPB-52319,세종로1팀
SPB-52320,상암1팀
SPB-52323,상암1팀
SPB-52325,상암2팀
SPB-52327,개화4팀
SPB-52329,세종로 4팀
SPB-52331,훈련원4팀
SPB-52332,영남1팀
SPB-52333,세종로1팀
SPB-52342,중랑1팀
SPB-52347,훈련원3팀
SPB-52349,영남1팀
SPB-52350,중랑2팀
SPB-52351,영남1팀
SPB-52355,중랑2팀
SPB-52365,영남1팀
SPB-52366,개화3팀
SPB-52373,천왕1팀
SPB-52375,훈련원4팀
SPB-52389,영남1팀
SPB-52394,중랑1팀
SPB-52402,세종로2팀
SPB-52404,중랑2팀
SPB-52406,중랑2팀
SPB-52407,상암1팀
SPB-52410,훈련원4팀
SPB-52413,훈련원4팀
SPB-52414,영남3팀
SPB-52419,개화3팀
SPB-52422,훈련원3팀
SPB-52423,세종로 4팀
SPB-52424,훈련원3팀
SPB-52433,중랑2팀
SPB-52434,훈련원3팀
SPB-52435,중랑1팀
SPB-52436,개화4팀
SPB-52438,중랑2팀
SPB-52439,개화3팀
SPB-52446,영남3팀
SPB-52453,상암1팀
SPB-52456,개화4팀
SPB-52458,영남1팀
SPB-52461,훈련원1팀
SPB-52462,훈련원1팀
SPB-52466,개화3팀
SPB-52471,상암1팀
SPB-52472,영남1팀
SPB-52475,세종로2팀
SPB-52478,세종로2팀
SPB-52482,훈련원3팀
SPB-52486,상암1팀
SPB-52488,영남1팀
SPB-52492,영남3팀
SPB-52493,영남1팀
SPB-52500,영남1팀
SPB-52502,영남1팀
SPB-52503,개화3팀
SPB-52515,상암1팀
SPB-52516,훈련원4팀
SPB-52518,영남1팀
SPB-52522,개화3팀
SPB-52533,중랑1팀
SPB-52539,개화4팀
SPB-52545,상암1팀
SPB-52552,상암1팀
SPB-52553,훈련원4팀
SPB-52558,상암1팀
SPB-52563,영남1팀
SPB-52568,훈련원1팀
SPB-52572,세종로2팀
SPB-52573,훈련원1팀
SPB-52575,세종로2팀
SPB-52576,영남3팀
SPB-52577,세종로2팀
SPB-52578,영남1팀
SPB-52579,중랑1팀
SPB-52583,영남1팀
SPB-52584,세종로1팀
SPB-52589,영남1팀
SPB-52599,훈련원4팀
SPB-52606,중랑2팀
SPB-52612,중랑2팀
SPB-52613,영남3팀
SPB-52614,상암2팀
SPB-52616,상암1팀
SPB-52617,상암2팀
SPB-52620,세종로1팀
SPB-52624,개화3팀
SPB-52626,중랑2팀
SPB-52627,훈련원4팀
SPB-52628,세종로1팀
SPB-52630,상암2팀
SPB-52631,훈련원3팀
SPB-52632,영남2팀
SPB-52633,훈련원3팀
SPB-52637,영남3팀
SPB-52645,상암1팀
SPB-52647,중랑1팀
SPB-52650,영남3팀
SPB-52651,훈련원1팀
SPB-52658,영남1팀
SPB-52664,상암2팀
SPB-52665,영남1팀
SPB-52666,상암1팀
SPB-52668,개화2팀
SPB-52671,상암1팀
SPB-52673,영남1팀
SPB-52675,영남3팀
SPB-52679,천왕1팀
SPB-52680,중랑2팀
SPB-52681,중랑1팀
SPB-52684,영남1팀
SPB-52686,훈련원3팀
SPB-52687,영남1팀
SPB-52695,영남1팀
SPB-52713,영남1팀
SPB-52725,상암1팀
SPB-52727,상암1팀
SPB-52731,훈련원1팀
SPB-52735,상암1팀
SPB-52736,훈련원4팀
SPB-52737,중랑1팀
SPB-52740,영남1팀
SPB-52741,상암1팀
SPB-52742,영남3팀
SPB-52743,개화4팀
SPB-52750,영남1팀
SPB-52751,영남1팀
SPB-52754,상암1팀
SPB-52755,영남1팀
SPB-52756,영남3팀
SPB-52757,개화4팀
SPB-52761,훈련원3팀
SPB-52763,세종로2팀
SPB-52766,영남1팀
SPB-52768,상암1팀
SPB-52773,영남1팀
SPB-52775,훈련원1팀
SPB-52780,상암1팀
SPB-52782,영남3팀
SPB-52783,영남1팀
SPB-52786,중랑2팀
SPB-52787,상암1팀
SPB-52796,영남1팀
SPB-52797,상암1팀
SPB-52798,영남3팀
SPB-52799,영남3팀
SPB-52807,훈련원4팀
SPB-52816,중랑1팀
SPB-52820,훈련원1팀
SPB-52821,훈련원1팀
SPB-52822,상암1팀
SPB-52824,상암2팀
SPB-52825,영남3팀
SPB-52826,상암1팀
SPB-52827,훈련원1팀
SPB-52829,중랑1팀
SPB-52832,훈련원1팀
SPB-52836,상암1팀
SPB-52843,상암2팀
SPB-52852,훈련원3팀
SPB-52856,중랑1팀
SPB-52863,영남1팀
SPB-52864,영남3팀
SPB-52866,중랑1팀
SPB-52867,중랑2팀
SPB-52871,개화3팀
SPB-52873,영남3팀
SPB-52876,훈련원3팀
SPB-52878,중랑2팀
SPB-52880,중랑2팀
SPB-52887,영남3팀
SPB-52888,상암2팀
SPB-52894,개화4팀
SPB-52896,영남1팀
SPB-52902,훈련원4팀
SPB-52904,훈련원3팀
SPB-52912,훈련원1팀
SPB-52915,영남1팀
SPB-52916,상암2팀
SPB-52918,중랑1팀
SPB-52919,세종로1팀
SPB-52921,천왕1팀
SPB-52922,훈련원4팀
SPB-52925,개화3팀
SPB-52926,상암1팀
SPB-52928,세종로1팀
SPB-52929,세종로2팀
SPB-52933,세종로 4팀
SPB-52936,중랑2팀
SPB-52941,영남3팀
SPB-52949,상암1팀
SPB-52958,훈련원1팀
SPB-52959,천왕1팀
SPB-52970,훈련원1팀
SPB-52974,상암1팀
SPB-52979,중랑1팀
SPB-52986,영남1팀
SPB-52992,훈련원4팀
SPB-52997,영남3팀
SPB-52999,훈련원1팀
SPB-53004,개화3팀
SPB-53006,상암1팀
SPB-53011,훈련원4팀
SPB-53017,영남3팀
SPB-53022,훈련원4팀
SPB-53024,훈련원1팀
SPB-53025,훈련원4팀
SPB-53027,영남1팀
SPB-53028,영남1팀
SPB-53039,개화3팀
SPB-53049,상암1팀
SPB-53054,중랑1팀
SPB-53056,영남3팀
SPB-53057,중랑1팀
SPB-53059,영남1팀
SPB-53062,상암1팀
SPB-53065,세종로2팀
SPB-53070,중랑2팀
SPB-53072,영남1팀
SPB-53077,상암1팀
SPB-53079,훈련원4팀
SPB-53083,상암1팀
SPB-53087,개화3팀
SPB-53095,훈련원3팀
SPB-53099,개화4팀
SPB-53104,영남3팀
SPB-53105,영남3팀
SPB-53106,영남1팀
SPB-53108,영남1팀
SPB-53114,훈련원4팀
SPB-53116,중랑2팀
SPB-53119,훈련원1팀
SPB-53120,영남3팀
SPB-53122,중랑1팀
SPB-53126,훈련원3팀
SPB-53127,중랑1팀
SPB-53133,세종로2팀
SPB-53134,영남1팀
SPB-53138,영남3팀
SPB-53145,개화3팀
SPB-53150,영남1팀
SPB-53156,훈련원4팀
SPB-53160,중랑2팀
SPB-53164,상암1팀
SPB-53166,영남1팀
SPB-53172,세종로2팀
SPB-53175,상암1팀
SPB-53181,훈련원3팀
SPB-53182,상암1팀
SPB-53183,개화3팀
SPB-53185,훈련원4팀
SPB-53186,중랑1팀
SPB-53189,영남1팀
SPB-53195,개화4팀
SPB-53196,영남3팀
SPB-53202,개화4팀
SPB-53203,영남1팀
SPB-53213,개화4팀
SPB-53217,훈련원4팀
SPB-53223,중랑1팀
SPB-53227,영남1팀
SPB-53229,영남1팀
SPB-53230,훈련원3팀
SPB-53231,상암1팀
SPB-53233,영남3팀
SPB-53239,상암1팀
SPB-53240,영남1팀
SPB-53241,중랑2팀
SPB-53242,영남1팀
SPB-53245,영남3팀
SPB-53246,훈련원4팀
SPB-53253,상암2팀
SPB-53254,세종로2팀
SPB-53258,중랑2팀
SPB-53264,중랑1팀
SPB-53268,영남1팀
SPB-53270,세종로2팀
SPB-53272,상암1팀
SPB-53281,상암2팀
SPB-53282,개화4팀
SPB-53283,상암1팀
SPB-53287,중랑2팀
SPB-53289,영남1팀
SPB-53290,중랑2팀
SPB-53295,훈련원4팀
SPB-53298,상암1팀
SPB-53303,중랑1팀
SPB-53304,영남1팀
SPB-53305,영남1팀
SPB-53306,영남3팀
SPB-53308,개화3팀
SPB-53309,세종로1팀
SPB-53312,중랑1팀
SPB-53319,중랑2팀
SPB-53321,상암1팀
SPB-53324,상암1팀
SPB-53326,개화4팀
SPB-53331,훈련원4팀
SPB-53341,천왕1팀
SPB-53342,영남1팀
SPB-53343,중랑2팀
SPB-53344,상암2팀
SPB-53346,상암1팀
SPB-53349,중랑2팀
SPB-53350,개화3팀
SPB-53351,영남1팀
SPB-53352,훈련원1팀
SPB-53357,상암1팀
SPB-53358,영남1팀
SPB-53365,중랑2팀
SPB-53371,영남1팀
SPB-53382,상암1팀
SPB-53383,영남1팀
SPB-53385,훈련원1팀
SPB-53393,중랑2팀
SPB-53395,상암1팀
SPB-53397,영남2팀
SPB-53404,중랑2팀
SPB-53408,중랑1팀
SPB-53409,훈련원1팀
SPB-53410,상암1팀
SPB-53411,상암1팀
SPB-53421,세종로2팀
SPB-53427,세종로2팀
SPB-53428,중랑2팀
SPB-53431,개화3팀
SPB-53432,중랑1팀
SPB-53434,상암1팀
SPB-53436,영남1팀
SPB-53438,훈련원1팀
SPB-53443,중랑2팀
SPB-53446,훈련원4팀
SPB-53450,상암1팀
SPB-53455,중랑1팀
SPB-53458,영남1팀
SPB-53459,훈련원3팀
SPB-53460,영남1팀
SPB-53468,영남3팀
SPB-53469,세종로1팀
SPB-53473,상암2팀
SPB-53476,영남1팀
SPB-53477,훈련원4팀
SPB-53480,영남1팀
SPB-53484,중랑2팀
SPB-53486,중랑1팀
SPB-53487,훈련원1팀
SPB-53488,중랑1팀
SPB-53495,상암1팀
SPB-53496,중랑2팀
SPB-53499,영남1팀
SPB-53503,영남1팀
SPB-53516,상암1팀
SPB-53517,상암1팀
SPB-53522,상암1팀
SPB-53528,훈련원3팀
SPB-53534,영남1팀
SPB-53536,훈련원4팀
SPB-53543,훈련원1팀
SPB-53546,영남3팀
SPB-53549,개화4팀
SPB-53552,중랑2팀
SPB-53553,개화3팀
SPB-53555,상암1팀
SPB-53567,영남3팀
SPB-53568,개화3팀
SPB-53574,영남1팀
SPB-53575,영남1팀
SPB-53576,상암1팀
SPB-53578,훈련원1팀
SPB-53579,영남1팀
SPB-53580,훈련원1팀
SPB-53584,상암1팀
SPB-53588,영남3팀
SPB-53591,세종로1팀
SPB-53592,영남3팀
SPB-53594,상암2팀
SPB-53595,상암1팀
SPB-53596,영남1팀
SPB-53597,영남3팀
SPB-53599,상암1팀
SPB-53604,개화3팀
SPB-53607,상암1팀
SPB-53609,상암1팀
SPB-53613,상암1팀
SPB-53617,훈련원4팀
SPB-53620,훈련원1팀
SPB-53628,훈련원1팀
SPB-53634,상암1팀
SPB-53637,상암1팀
SPB-53645,영남3팀
SPB-53648,중랑2팀
SPB-53652,영남2팀
SPB-53656,중랑2팀
SPB-53669,상암1팀
SPB-53670,영남1팀
SPB-53676,개화3팀
SPB-53687,영남1팀
SPB-53689,상암1팀
SPB-53692,중랑2팀
SPB-53694,세종로2팀
SPB-53696,세종로2팀
SPB-53698,중랑1팀
SPB-53700,훈련원3팀
SPB-53703,중랑2팀
SPB-53705,중랑2팀
SPB-53706,상암2팀
SPB-53712,영남1팀
SPB-53713,상암1팀
SPB-53717,상암1팀
SPB-53719,상암1팀
SPB-53720,훈련원4팀
SPB-53729,훈련원4팀
SPB-53732,상암1팀
SPB-53739,훈련원3팀
SPB-53748,중랑1팀
SPB-53750,중랑2팀
SPB-53752,세종로1팀
SPB-53755,영남3팀
SPB-53762,영남1팀
SPB-53770,영남1팀
SPB-53771,중랑2팀
SPB-53775,개화3팀
SPB-53776,중랑2팀
SPB-53780,영남1팀
SPB-53781,상암1팀
SPB-53782,중랑2팀
SPB-53783,훈련원1팀
SPB-53791,영남1팀
SPB-53797,영남1팀
SPB-53799,중랑2팀
SPB-53801,중랑2팀
SPB-53803,중랑1팀
SPB-53817,훈련원4팀
SPB-53820,중랑1팀
SPB-53822,훈련원4팀
SPB-53824,영남1팀
SPB-53827,영남1팀
SPB-53831,상암2팀
SPB-53837,상암2팀
SPB-53841,개화4팀
SPB-53842,상암1팀
SPB-53844,훈련원3팀
SPB-53849,개화2팀
SPB-53850,상암2팀
SPB-53852,중랑1팀
SPB-53855,영남1팀
SPB-53857,영남1팀
SPB-53860,중랑2팀
SPB-53861,상암1팀
SPB-53862,훈련원1팀
SPB-53868,개화3팀
SPB-53875,훈련원3팀
SPB-53877,훈련원3팀
SPB-53880,세종로1팀
SPB-53883,영남1팀
SPB-53884,개화2팀
SPB-53887,중랑2팀
SPB-53892,훈련원1팀
SPB-53894,상암1팀
SPB-53895,영남3팀
SPB-53898,영남1팀
SPB-53901,상암1팀
SPB-53907,상암2팀
SPB-53917,훈련원1팀
SPB-53918,개화4팀
SPB-53920,상암1팀
SPB-53922,상암1팀
SPB-53925,훈련원1팀
SPB-53929,상암1팀
SPB-53938,영남1팀
SPB-53939,중랑1팀
SPB-53943,상암1팀
SPB-53947,영남1팀
SPB-53948,상암1팀
SPB-53949,상암1팀
SPB-53950,훈련원1팀
SPB-53951,상암2팀
SPB-53954,중랑1팀
SPB-53955,훈련원4팀
SPB-53957,개화3팀
SPB-53958,중랑2팀
SPB-53962,훈련원4팀
SPB-53965,영남3팀
SPB-53967,개화3팀
SPB-53974,훈련원3팀
SPB-53976,상암1팀
SPB-53979,훈련원4팀
SPB-53980,훈련원3팀
SPB-53987,개화3팀
SPB-53989,영남1팀
SPB-53990,개화3팀
SPB-53996,중랑1팀
SPB-54005,세종로2팀
SPB-54008,훈련원4팀
SPB-54010,영남1팀
SPB-54014,영남3팀
SPB-54020,영남1팀
SPB-54028,훈련원1팀
SPB-54035,훈련원4팀
SPB-54036,훈련원4팀
SPB-54038,영남3팀
SPB-54042,중랑1팀
SPB-54046,중랑1팀
SPB-54048,천왕1팀
SPB-54049,세종로2팀
SPB-54053,개화3팀
SPB-54055,영남1팀
SPB-54057,개화4팀
SPB-54071,상암1팀
SPB-54074,중랑2팀
SPB-54076,개화3팀
SPB-54077,상암1팀
SPB-54079,상암2팀
SPB-54080,훈련원3팀
SPB-54081,영남3팀
SPB-54096,훈련원4팀
SPB-54098,영남1팀
SPB-54101,영남3팀
SPB-54105,개화4팀
SPB-54114,중랑1팀
SPB-54115,상암1팀
SPB-54117,개화3팀
SPB-54118,상암2팀
SPB-54119,상암1팀
SPB-54120,영남3팀
SPB-54125,개화4팀
SPB-54139,훈련원1팀
SPB-54144,상암1팀
SPB-54147,훈련원3팀
SPB-54149,중랑1팀
SPB-54153,영남1팀
SPB-54154,영남3팀
SPB-54156,영남3팀
SPB-54157,상암2팀
SPB-54168,상암1팀
SPB-54169,훈련원1팀
SPB-54173,중랑2팀
SPB-54174,개화3팀
SPB-54178,중랑2팀
SPB-54187,개화3팀
SPB-54191,상암1팀
SPB-54196,세종로2팀
SPB-54199,중랑2팀
SPB-54202,훈련원4팀
SPB-54211,상암1팀
SPB-54214,중랑2팀
SPB-54216,세종로 4팀
SPB-54218,영남1팀
SPB-54220,세종로2팀
SPB-54221,훈련원1팀
SPB-54229,세종로2팀
SPB-54233,영남1팀
SPB-54236,상암1팀
SPB-54239,중랑1팀
SPB-54242,중랑1팀
SPB-54248,영남3팀
SPB-54251,영남3팀
SPB-54252,중랑2팀
SPB-54253,영남3팀
SPB-54255,상암1팀
SPB-54258,개화3팀
SPB-54262,훈련원4팀
SPB-54264,중랑2팀
SPB-54268,훈련원4팀
SPB-54273,중랑2팀
SPB-54277,상암1팀
SPB-54278,영남1팀
SPB-54292,훈련원4팀
SPB-54296,훈련원4팀
SPB-54299,상암1팀
SPB-54303,훈련원3팀
SPB-54304,영남3팀
SPB-54306,상암2팀
SPB-54307,중랑2팀
SPB-54316,중랑1팀
SPB-54317,영남2팀
SPB-54318,개화3팀
SPB-54322,개화4팀
SPB-54323,훈련원1팀
SPB-54326,영남1팀
SPB-54327,중랑2팀
SPB-54331,영남3팀
SPB-54334,세종로2팀
SPB-54335,개화4팀
SPB-54336,중랑1팀
SPB-54337,훈련원1팀
SPB-54340,상암1팀
SPB-54341,영남1팀
SPB-54346,영남3팀
SPB-54350,영남3팀
SPB-54351,영남3팀
SPB-54354,상암1팀
SPB-54360,상암2팀
SPB-54365,세종로1팀
SPB-54367,훈련원1팀
SPB-54375,영남3팀
SPB-54377,상암1팀
SPB-54378,영남3팀
SPB-54379,중랑2팀
SPB-54383,훈련원1팀
SPB-54385,중랑1팀
SPB-54388,세종로 4팀
SPB-54390,영남1팀
SPB-54396,중랑1팀
SPB-54398,상암1팀
SPB-54399,상암1팀
SPB-54401,천왕1팀
SPB-54408,중랑2팀
SPB-54411,훈련원3팀
SPB-54412,영남3팀
SPB-54415,훈련원3팀
SPB-54416,세종로2팀
SPB-54417,영남1팀
SPB-54421,중랑2팀
SPB-54424,세종로2팀
SPB-54426,영남1팀
SPB-54428,영남1팀
SPB-54430,상암1팀
SPB-54431,영남1팀
SPB-54432,중랑2팀
SPB-54434,중랑2팀
SPB-54440,상암1팀
SPB-54444,영남1팀
SPB-54448,영남1팀
SPB-54451,개화4팀
SPB-54453,영남1팀
SPB-54454,상암1팀
SPB-54459,영남3팀
SPB-54461,상암1팀
SPB-54466,중랑1팀
SPB-54470,상암1팀
SPB-54471,훈련원4팀
SPB-54478,개화4팀
SPB-54479,훈련원3팀
SPB-54482,훈련원3팀
SPB-54491,중랑1팀
SPB-54495,영남3팀
SPB-54498,상암2팀
SPB-54499,개화3팀
SPB-54500,영남3팀
SPB-54501,훈련원1팀
SPB-54505,영남3팀
SPB-54506,상암1팀
SPB-54507,상암1팀
SPB-54512,중랑2팀
SPB-54514,훈련원4팀
SPB-54516,세종로2팀
SPB-54518,상암1팀
SPB-54520,훈련원3팀
SPB-54526,영남1팀
SPB-54531,훈련원4팀
SPB-54534,중랑2팀
SPB-54541,중랑1팀
SPB-54548,상암2팀
SPB-54551,중랑2팀
SPB-54552,영남1팀
SPB-54557,중랑1팀
SPB-54559,훈련원3팀
SPB-54565,상암1팀
SPB-54568,영남1팀
SPB-54571,영남1팀
SPB-54572,훈련원1팀
SPB-54575,중랑2팀
SPB-54576,중랑2팀
SPB-54577,개화3팀
SPB-54580,영남3팀
SPB-54581,영남1팀
SPB-54585,영남1팀
SPB-54588,영남1팀
SPB-54589,개화3팀
SPB-54593,중랑2팀
SPB-54594,영남1팀
SPB-54597,개화2팀
SPB-54605,중랑1팀
SPB-54610,개화3팀
SPB-54611,영남3팀
SPB-54615,훈련원1팀
SPB-54623,영남1팀
SPB-54624,영남1팀
SPB-54630,상암1팀
SPB-54632,개화3팀
SPB-54641,중랑1팀
SPB-54642,영남3팀
SPB-54643,영남1팀
SPB-54646,영남1팀
SPB-54654,중랑2팀
SPB-54656,훈련원1팀
SPB-54658,상암1팀
SPB-54659,훈련원4팀
SPB-54661,개화4팀
SPB-54663,개화3팀
SPB-54664,상암1팀
SPB-54668,중랑2팀
SPB-54670,영남1팀
SPB-54681,영남3팀
SPB-54683,영남3팀
SPB-54687,훈련원1팀
SPB-54689,훈련원4팀
SPB-54690,중랑1팀
SPB-54691,훈련원3팀
SPB-54692,개화2팀
SPB-54698,상암1팀
SPB-54700,영남1팀
SPB-54702,훈련원3팀
SPB-54707,중랑2팀
SPB-54709,상암1팀
SPB-54711,상암1팀
SPB-54713,상암1팀
SPB-54718,영남3팀
SPB-54720,상암1팀
SPB-54722,상암1팀
SPB-54728,상암1팀
SPB-54736,훈련원3팀
SPB-54737,중랑1팀
SPB-54739,영남3팀
SPB-54741,상암1팀
SPB-54746,상암1팀
SPB-54748,영남1팀
SPB-54752,중랑2팀
SPB-54753,중랑1팀
SPB-54754,상암1팀
SPB-54758,훈련원1팀
SPB-54764,영남1팀
SPB-54765,상암1팀
SPB-54770,훈련원1팀
SPB-54776,개화4팀
SPB-54779,개화4팀
SPB-54780,영남3팀
SPB-54782,상암1팀
SPB-54784,상암1팀
SPB-54786,영남1팀
SPB-54788,영남1팀
SPB-54790,세종로2팀
SPB-54791,영남3팀
SPB-54793,상암1팀
SPB-54794,훈련원1팀
SPB-54795,영남1팀
SPB-54797,영남1팀
SPB-54798,훈련원4팀
SPB-54801,훈련원4팀
SPB-54805,상암1팀
SPB-54809,중랑2팀
SPB-54810,훈련원1팀
SPB-54820,중랑1팀
SPB-54822,중랑2팀
SPB-54824,훈련원3팀
SPB-54826,영남1팀
SPB-54828,훈련원1팀
SPB-54834,세종로2팀
SPB-54837,상암2팀
SPB-54840,상암1팀
SPB-54842,상암1팀
SPB-54847,영남1팀
SPB-54851,개화4팀
SPB-54853,영남1팀
SPB-54860,개화4팀
SPB-54870,상암1팀
SPB-54871,영남1팀
SPB-54873,상암1팀
SPB-54878,상암1팀
SPB-54880,세종로1팀
SPB-54881,중랑1팀
SPB-54895,중랑2팀
SPB-54902,중랑2팀
SPB-54906,중랑2팀
SPB-54909,상암2팀
SPB-54911,상암1팀
SPB-54912,영남1팀
SPB-54918,중랑2팀
SPB-54920,상암1팀
SPB-54925,개화3팀
SPB-54927,영남1팀
SPB-54929,상암1팀
SPB-54930,상암2팀
SPB-54932,영남3팀
SPB-54933,영남3팀
SPB-54936,개화4팀
SPB-54937,훈련원1팀
SPB-54943,훈련원3팀
SPB-54946,상암1팀
SPB-54947,개화4팀
SPB-54954,영남3팀
SPB-54955,중랑1팀
SPB-54964,상암1팀
SPB-54967,영남1팀
SPB-54970,중랑2팀
SPB-54971,상암1팀
SPB-54975,훈련원1팀
SPB-54980,훈련원1팀
SPB-54982,영남1팀
SPB-54983,중랑1팀
SPB-54988,중랑2팀
SPB-54989,상암1팀
SPB-54996,상암1팀
SPB-54997,중랑2팀
SPB-54998,중랑1팀
SPB-55004,개화4팀
SPB-55009,훈련원1팀
SPB-55010,상암1팀
SPB-55011,영남3팀
SPB-55015,중랑1팀
SPB-55022,상암1팀
SPB-55024,중랑2팀
SPB-55031,상암1팀
SPB-55035,영남3팀
SPB-55040,훈련원4팀
SPB-55041,중랑1팀
SPB-55042,상암1팀
SPB-55048,훈련원1팀
SPB-55050,영남3팀
SPB-55057,중랑2팀
SPB-55060,영남3팀
SPB-55066,개화4팀
SPB-55067,영남1팀
SPB-55073,세종로2팀
SPB-55075,중랑1팀
SPB-55077,중랑2팀
SPB-55078,훈련원4팀
SPB-55082,개화3팀
SPB-55086,개화3팀
SPB-55095,세종로1팀
SPB-55100,훈련원3팀
SPB-55103,중랑1팀
SPB-55110,영남3팀
SPB-55123,상암1팀
SPB-55125,훈련원1팀
SPB-55128,상암1팀
SPB-55129,상암1팀
SPB-55132,개화3팀
SPB-55135,영남3팀
SPB-55144,영남3팀
SPB-55146,중랑2팀
SPB-55152,중랑2팀
SPB-55154,영남3팀
SPB-55156,중랑2팀
SPB-55173,훈련원4팀
SPB-55176,상암1팀
SPB-55178,훈련원3팀
SPB-55179,훈련원3팀
SPB-55180,상암1팀
SPB-55181,중랑2팀
SPB-55184,영남1팀
SPB-55186,세종로2팀
SPB-55190,영남1팀
SPB-55194,영남3팀
SPB-55197,훈련원4팀
SPB-55202,상암2팀
SPB-55204,영남3팀
SPB-55211,훈련원1팀
SPB-55215,상암1팀
SPB-55217,영남1팀
SPB-55218,상암1팀
SPB-55220,영남1팀
SPB-55221,영남1팀
SPB-55224,상암2팀
SPB-55227,상암2팀
SPB-55231,중랑2팀
SPB-55235,영남1팀
SPB-55243,영남1팀
SPB-55244,영남3팀
SPB-55246,영남3팀
SPB-55254,중랑2팀
SPB-55255,훈련원4팀
SPB-55259,상암1팀
SPB-55263,개화3팀
SPB-55265,세종로2팀
SPB-55270,훈련원1팀
SPB-55273,영남1팀
SPB-55279,훈련원4팀
SPB-55280,훈련원4팀
SPB-55284,세종로1팀
SPB-55285,영남1팀
SPB-55287,개화4팀
SPB-55288,중랑1팀
SPB-55291,영남1팀
SPB-55292,상암1팀
SPB-55293,상암1팀
SPB-55294,영남3팀
SPB-55295,상암1팀
SPB-55300,영남1팀
SPB-55307,천왕1팀
SPB-55311,중랑2팀
SPB-55314,영남1팀
SPB-55318,영남1팀
SPB-55325,세종로1팀
SPB-55335,중랑2팀
SPB-55336,영남1팀
SPB-55337,상암1팀
SPB-55339,세종로1팀
SPB-55340,개화3팀
SPB-55346,중랑2팀
SPB-55348,영남3팀
SPB-55351,영남3팀
SPB-55353,중랑1팀
SPB-55354,훈련원4팀
SPB-55355,상암1팀
SPB-55356,훈련원1팀
SPB-55360,영남1팀
SPB-55362,중랑1팀
SPB-55367,훈련원3팀
SPB-55368,상암1팀
SPB-55376,영남3팀
SPB-55379,훈련원1팀
SPB-55380,영남3팀
SPB-55384,중랑2팀
SPB-55388,상암1팀
SPB-55391,영남1팀
SPB-55392,상암1팀
SPB-55394,훈련원3팀
SPB-55398,영남1팀
SPB-55402,중랑2팀
SPB-55404,중랑1팀
SPB-55405,중랑2팀
SPB-55406,영남3팀
SPB-55408,영남3팀
SPB-55413,훈련원3팀
SPB-55415,영남1팀
SPB-55417,세종로2팀
SPB-55421,중랑1팀
SPB-55425,개화4팀
SPB-55427,중랑2팀
SPB-55431,훈련원1팀
SPB-55434,영남1팀
SPB-55436,훈련원1팀
SPB-55438,영남1팀
SPB-55440,중랑1팀
SPB-55447,훈련원1팀
SPB-55448,상암1팀
SPB-55449,중랑1팀
SPB-55452,영남1팀
SPB-55453,훈련원1팀
SPB-55456,훈련원3팀
SPB-55457,영남1팀
SPB-55459,개화4팀
SPB-55461,영남3팀
SPB-55462,훈련원3팀
SPB-55464,중랑2팀
SPB-55471,훈련원4팀
SPB-55475,영남1팀
SPB-55483,영남1팀
SPB-55484,개화3팀
SPB-55488,영남3팀
SPB-55491,세종로1팀
SPB-55494,훈련원3팀
SPB-55501,훈련원3팀
SPB-55503,영남1팀
SPB-55507,영남1팀
SPB-55508,중랑2팀
SPB-55511,상암1팀
SPB-55519,영남3팀
SPB-55526,훈련원3팀
SPB-55531,개화3팀
SPB-55535,상암2팀
SPB-55539,중랑1팀
SPB-55547,훈련원4팀
SPB-55548,개화3팀
SPB-55549,상암1팀
SPB-55553,중랑1팀
SPB-55554,개화4팀
SPB-55555,훈련원3팀
SPB-55556,영남1팀
SPB-55560,세종로2팀
SPB-55561,영남3팀
SPB-55562,영남3팀
SPB-55563,중랑1팀
SPB-55574,영남3팀
SPB-55575,상암1팀
SPB-55579,세종로1팀
SPB-55583,훈련원1팀
SPB-55586,개화3팀
SPB-55587,중랑2팀
SPB-55590,개화3팀
SPB-55591,개화3팀
SPB-55596,개화4팀
SPB-55603,중랑1팀
SPB-55606,개화3팀
SPB-55607,세종로1팀
SPB-55609,훈련원3팀
SPB-55613,영남3팀
SPB-55616,훈련원1팀
SPB-55620,영남1팀
SPB-55624,영남1팀
SPB-55626,개화3팀
SPB-55631,상암1팀
SPB-55633,훈련원4팀
SPB-55634,영남1팀
SPB-55636,중랑1팀
SPB-55637,영남3팀
SPB-55642,훈련원1팀
SPB-55649,훈련원4팀
SPB-55650,세종로1팀
SPB-55654,개화4팀
SPB-55655,중랑2팀
SPB-55657,영남3팀
SPB-55660,개화4팀
SPB-55665,상암2팀
SPB-55666,상암1팀
SPB-55668,영남3팀
SPB-55671,중랑2팀
SPB-55673,훈련원3팀
SPB-55674,훈련원3팀
SPB-55676,중랑1팀
SPB-55681,훈련원4팀
SPB-55683,개화3팀
SPB-55687,세종로2팀
SPB-55689,영남1팀
SPB-55692,영남3팀
SPB-55697,중랑1팀
SPB-55701,영남3팀
SPB-55703,영남1팀
SPB-55704,훈련원4팀
SPB-55711,개화4팀
SPB-55713,개화2팀
SPB-55714,훈련원3팀
SPB-55718,상암1팀
SPB-55723,중랑2팀
SPB-55725,중랑1팀
SPB-55727,영남3팀
SPB-55731,중랑1팀
SPB-55737,훈련원1팀
SPB-55738,중랑2팀
SPB-55740,상암1팀
SPB-55747,훈련원3팀
SPB-55748,훈련원1팀
SPB-55749,훈련원3팀
SPB-55751,중랑1팀
SPB-55752,중랑2팀
SPB-55763,훈련원1팀
SPB-55765,천왕1팀
SPB-55768,영남3팀
SPB-55769,개화3팀
SPB-55771,영남3팀
SPB-55772,영남3팀
SPB-55776,중랑1팀
SPB-55778,세종로2팀
SPB-55780,개화3팀
SPB-55784,훈련원3팀
SPB-55787,중랑2팀
SPB-55788,영남3팀
SPB-55794,영남1팀
SPB-55795,훈련원4팀
SPB-55796,중랑2팀
SPB-55797,상암1팀
SPB-55802,영남1팀
SPB-55811,세종로1팀
SPB-55813,상암1팀
SPB-55815,훈련원4팀
SPB-55818,상암1팀
SPB-55820,영남3팀
SPB-55821,훈련원3팀
SPB-55827,훈련원1팀
SPB-55831,영남2팀
SPB-55835,상암1팀
SPB-55847,개화4팀
SPB-55848,영남3팀
SPB-55851,중랑2팀
SPB-55853,훈련원4팀
SPB-55868,세종로2팀
SPB-55869,상암1팀
SPB-55872,세종로1팀
SPB-55873,상암1팀
SPB-55875,세종로2팀
SPB-55880,상암1팀
SPB-55895,영남3팀
SPB-55898,중랑1팀
SPB-55899,영남3팀
SPB-55901,개화4팀
SPB-55904,개화3팀
SPB-55906,훈련원1팀
SPB-55912,훈련원4팀
SPB-55917,영남3팀
SPB-55919,상암1팀
SPB-55926,세종로2팀
SPB-55930,중랑2팀
SPB-55936,영남3팀
SPB-55937,영남1팀
SPB-55940,상암1팀
SPB-55949,영남1팀
SPB-55950,영남3팀
SPB-55954,영남3팀
SPB-55955,영남1팀
SPB-55959,영남1팀
SPB-55961,훈련원4팀
SPB-55967,상암2팀
SPB-55969,영남3팀
SPB-55971,중랑2팀
SPB-55973,영남1팀
SPB-55974,상암1팀
SPB-55981,영남1팀
SPB-55991,중랑2팀
SPB-55993,세종로 4팀
SPB-55998,중랑2팀
SPB-55999,영남1팀
SPB-56000,영남1팀
SPB-56004,상암1팀
SPB-56008,중랑2팀
SPB-56009,상암1팀
SPB-56012,영남1팀
SPB-56014,영남3팀
SPB-56019,상암1팀
SPB-56022,상암1팀
SPB-56023,영남1팀
SPB-56025,훈련원3팀
SPB-56028,영남3팀
SPB-56030,중랑1팀
SPB-56031,중랑2팀
SPB-56035,영남1팀
SPB-56037,중랑1팀
SPB-56039,상암2팀
SPB-56042,훈련원3팀
SPB-56044,훈련원1팀
SPB-56048,중랑1팀
SPB-56049,영남3팀
SPB-56050,중랑1팀
SPB-56054,중랑1팀
SPB-56055,상암2팀
SPB-56057,훈련원3팀
SPB-56058,훈련원4팀
SPB-56059,중랑1팀
SPB-56061,중랑2팀
SPB-56072,영남1팀
SPB-56074,상암2팀
SPB-56080,세종로2팀
SPB-56084,영남3팀
SPB-56087,상암1팀
SPB-56088,훈련원4팀
SPB-56094,개화3팀
SPB-56095,중랑2팀
SPB-56096,영남1팀
SPB-56099,중랑2팀
SPB-56102,영남3팀
SPB-56103,영남3팀
SPB-56105,상암1팀
SPB-56106,영남3팀
SPB-56108,중랑2팀
SPB-56110,중랑1팀
SPB-56113,영남3팀
SPB-56117,훈련원3팀
SPB-56118,중랑2팀
SPB-56119,영남3팀
SPB-56120,상암1팀
SPB-56121,훈련원4팀
SPB-56125,훈련원4팀
SPB-56130,훈련원3팀
SPB-56131,천왕1팀
SPB-56132,훈련원1팀
SPB-56134,훈련원3팀
SPB-56136,영남3팀
SPB-56141,상암1팀
SPB-56142,세종로1팀
SPB-56143,상암1팀
SPB-56148,훈련원3팀
SPB-56150,개화4팀
SPB-56155,훈련원3팀
SPB-56156,개화3팀
SPB-56157,중랑1팀
SPB-56164,상암2팀
SPB-56165,중랑2팀
SPB-56166,개화4팀
SPB-56171,영남1팀
SPB-56172,상암1팀
SPB-56173,훈련원3팀
SPB-56174,상암1팀
SPB-56178,상암1팀
SPB-56181,상암2팀
SPB-56182,중랑2팀
SPB-56183,영남1팀
SPB-56185,훈련원4팀
SPB-56187,상암1팀
SPB-56192,중랑1팀
SPB-56194,훈련원3팀
SPB-56195,세종로 4팀
SPB-56196,상암1팀
SPB-56197,상암1팀
SPB-56199,세종로1팀
SPB-56201,개화4팀
SPB-56213,훈련원3팀
SPB-56217,영남1팀
SPB-56218,상암1팀
SPB-56219,상암1팀
SPB-56223,훈련원4팀
SPB-56227,중랑1팀
SPB-56229,상암1팀
SPB-56232,영남1팀
SPB-56234,영남1팀
SPB-56236,세종로1팀
SPB-56240,상암1팀
SPB-56242,세종로1팀
SPB-56246,영남3팀
SPB-56249,영남1팀
SPB-56251,훈련원3팀
SPB-56252,영남1팀
SPB-56259,상암1팀
SPB-56269,영남1팀
SPB-56271,중랑1팀
SPB-56272,상암2팀
SPB-56276,중랑1팀
SPB-56277,영남3팀
SPB-56280,중랑1팀
SPB-56282,영남1팀
SPB-56283,중랑1팀
SPB-56284,훈련원3팀
SPB-56288,세종로2팀
SPB-56290,영남1팀
SPB-56291,영남1팀
SPB-56298,상암2팀
SPB-56302,상암1팀
SPB-56305,상암1팀
SPB-56306,세종로2팀
SPB-56308,영남3팀
SPB-56310,중랑2팀
SPB-56312,영남3팀
SPB-56317,훈련원1팀
SPB-56322,영남1팀
SPB-56326,훈련원3팀
SPB-56330,상암1팀
SPB-56331,중랑2팀
SPB-56332,중랑2팀
SPB-56334,영남1팀
SPB-56339,영남3팀
SPB-56345,상암2팀
SPB-56349,영남3팀
SPB-56350,훈련원1팀
SPB-56357,중랑2팀
SPB-56358,개화3팀
SPB-56362,중랑2팀
SPB-56365,상암2팀
SPB-56368,상암1팀
SPB-56371,상암1팀
SPB-56373,영남1팀
SPB-56374,중랑2팀
SPB-56375,중랑1팀
SPB-56376,세종로1팀
SPB-56379,상암2팀
SPB-56382,훈련원3팀
SPB-56385,훈련원4팀
SPB-56388,훈련원4팀
SPB-56390,개화4팀
SPB-56392,상암1팀
SPB-56393,상암1팀
SPB-56396,영남1팀
SPB-56399,훈련원4팀
SPB-56406,상암1팀
SPB-56407,상암1팀
SPB-56408,영남3팀
SPB-56411,상암1팀
SPB-56414,중랑2팀
SPB-56426,영남1팀
SPB-56429,중랑1팀
SPB-56430,영남1팀
SPB-56432,세종로1팀
SPB-56433,영남1팀
SPB-56434,영남3팀
SPB-56436,상암1팀
SPB-56440,영남1팀
SPB-56442,영남1팀
SPB-56444,세종로1팀
SPB-56447,중랑1팀
SPB-56455,상암1팀
SPB-56461,훈련원4팀
SPB-56463,중랑1팀
SPB-56467,훈련원3팀
SPB-56473,개화3팀
SPB-56474,상암1팀
SPB-56475,영남3팀
SPB-56477,영남1팀
SPB-56481,상암1팀
SPB-56483,영남3팀
SPB-56486,상암1팀
SPB-56487,영남3팀
SPB-56489,상암1팀
SPB-56490,영남3팀
SPB-56492,영남1팀
SPB-56493,천왕1팀
SPB-56495,개화3팀
SPB-56496,세종로1팀
SPB-56499,중랑1팀
SPB-56501,세종로1팀
SPB-56509,영남1팀
SPB-56510,상암1팀
SPB-56514,개화3팀
SPB-56516,영남3팀
SPB-56520,영남3팀
SPB-56527,영남1팀
SPB-56532,훈련원4팀
SPB-56534,개화2팀
SPB-56540,상암1팀
SPB-56541,훈련원1팀
SPB-56545,개화4팀
SPB-56546,상암1팀
SPB-56547,영남3팀
SPB-56548,훈련원1팀
SPB-56552,영남1팀
SPB-56556,훈련원4팀
SPB-56564,영남3팀
SPB-56567,세종로2팀
SPB-56569,중랑1팀
SPB-56571,영남1팀
SPB-56573,상암1팀
SPB-56586,상암1팀
SPB-56588,훈련원3팀
SPB-56593,개화4팀
SPB-56594,세종로 4팀
SPB-56595,영남3팀
SPB-56596,중랑2팀
SPB-56597,영남1팀
SPB-56598,영남2팀
SPB-56599,훈련원1팀
SPB-56600,중랑1팀
SPB-56602,영남1팀
SPB-56603,훈련원3팀
SPB-56605,훈련원3팀
SPB-56610,훈련원1팀
SPB-56613,영남3팀
SPB-56615,훈련원4팀
SPB-56617,상암1팀
SPB-56619,영남3팀
SPB-56620,중랑1팀
SPB-56624,영남1팀
SPB-56626,영남3팀
SPB-56627,세종로 4팀
SPB-56628,영남3팀
SPB-56629,훈련원3팀
SPB-56632,상암1팀
SPB-56634,영남1팀
SPB-56640,영남3팀
SPB-56641,훈련원4팀
SPB-56643,중랑1팀
SPB-56644,훈련원3팀
SPB-56646,중랑2팀
SPB-56649,영남1팀
SPB-56651,영남1팀
SPB-56652,상암1팀
SPB-56653,영남3팀
SPB-56657,개화3팀
SPB-56658,훈련원3팀
SPB-56660,상암1팀
SPB-56661,영남2팀
SPB-56662,중랑2팀
SPB-56663,개화3팀
SPB-56664,중랑1팀
SPB-56665,훈련원3팀
SPB-56667,상암1팀
SPB-56672,상암1팀
SPB-56673,상암1팀
SPB-56674,개화3팀
SPB-56677,상암1팀
SPB-56678,훈련원3팀
SPB-56680,영남1팀
SPB-56682,상암1팀
SPB-56683,상암1팀
SPB-56684,중랑2팀
SPB-56685,영남1팀
SPB-56687,개화4팀
SPB-56691,중랑2팀
SPB-56692,중랑2팀
SPB-56694,영남1팀
SPB-56697,상암2팀
SPB-56699,중랑1팀
SPB-56700,영남1팀
SPB-56702,훈련원3팀
SPB-56704,영남3팀
SPB-56705,상암2팀
SPB-56708,세종로1팀
SPB-56709,영남1팀
SPB-56721,세종로1팀
SPB-56722,상암1팀
SPB-56727,개화3팀
SPB-56728,개화3팀
SPB-56741,중랑1팀
SPB-56743,훈련원3팀
SPB-56744,훈련원1팀
SPB-56745,영남1팀
SPB-56747,영남3팀
SPB-56748,훈련원1팀
SPB-56752,중랑1팀
SPB-56753,훈련원4팀
SPB-56754,훈련원4팀
SPB-56756,훈련원4팀
SPB-56757,개화4팀
SPB-56759,훈련원1팀
SPB-56762,영남3팀
SPB-56767,영남1팀
SPB-56771,상암1팀
SPB-56772,영남3팀
SPB-56776,세종로2팀
SPB-56777,상암1팀
SPB-56780,상암2팀
SPB-56782,중랑2팀
SPB-56786,훈련원3팀
SPB-56790,상암1팀
SPB-56791,영남2팀
SPB-56792,중랑1팀
SPB-56793,중랑2팀
SPB-56796,영남3팀
SPB-56797,영남1팀
SPB-56799,훈련원1팀
SPB-56801,영남1팀
SPB-56802,중랑1팀
SPB-56805,중랑2팀
SPB-56807,개화3팀
SPB-56812,중랑2팀
SPB-56816,영남3팀
SPB-56817,훈련원3팀
SPB-56821,상암1팀
SPB-56822,개화3팀
SPB-56825,훈련원4팀
SPB-56827,영남3팀
SPB-56829,상암2팀
SPB-56830,영남3팀
SPB-56838,중랑1팀
SPB-56839,훈련원4팀
SPB-56842,영남1팀
SPB-56845,영남3팀
SPB-56846,세종로2팀
SPB-56847,개화4팀
SPB-56849,훈련원3팀
SPB-56852,상암1팀
SPB-56853,상암1팀
SPB-56856,영남3팀
SPB-56857,영남3팀
SPB-56858,개화4팀
SPB-56859,영남1팀
SPB-56865,상암1팀
SPB-56866,중랑1팀
SPB-56867,개화4팀
SPB-56868,영남1팀
SPB-56869,개화3팀
SPB-56874,상암1팀
SPB-56877,영남1팀
SPB-56880,상암1팀
SPB-56881,개화3팀
SPB-56886,훈련원4팀
SPB-56891,영남1팀
SPB-56893,영남1팀
SPB-56897,개화3팀
SPB-56898,중랑1팀
SPB-56902,중랑1팀
SPB-56904,영남1팀
SPB-56905,상암1팀
SPB-56907,개화2팀
SPB-56912,훈련원3팀
SPB-56913,훈련원4팀
SPB-56914,훈련원3팀
SPB-56917,영남1팀
SPB-56919,훈련원3팀
SPB-56921,영남1팀
SPB-56926,훈련원4팀
SPB-56928,상암2팀
SPB-56930,훈련원1팀
SPB-56936,중랑2팀
SPB-56938,중랑2팀
SPB-56940,중랑1팀
SPB-56942,영남3팀
SPB-56943,세종로 4팀
SPB-56944,중랑2팀
SPB-56946,훈련원1팀
SPB-56947,상암1팀
SPB-56952,영남1팀
SPB-56954,중랑2팀
SPB-56955,영남1팀
SPB-56960,중랑1팀
SPB-56962,상암1팀
SPB-56963,훈련원1팀
SPB-56964,상암1팀
SPB-56968,훈련원3팀
SPB-56970,개화3팀
SPB-56972,개화4팀
SPB-56979,영남1팀
SPB-56980,세종로2팀
SPB-56987,중랑2팀
SPB-56992,영남1팀
SPB-56993,영남3팀
SPB-56994,영남1팀
SPB-56996,영남1팀
SPB-57003,영남3팀
SPB-57010,영남1팀
SPB-57012,훈련원1팀
SPB-57014,훈련원4팀
SPB-57015,상암1팀
SPB-57019,상암1팀
SPB-57022,세종로1팀
SPB-57023,상암1팀
SPB-57026,상암1팀
SPB-57027,개화3팀
SPB-57028,세종로2팀
SPB-57041,훈련원1팀
SPB-57043,세종로2팀
SPB-57047,천왕1팀
SPB-57048,상암1팀
SPB-57050,세종로2팀
SPB-57051,훈련원4팀
SPB-57052,상암1팀
SPB-57053,상암2팀
SPB-57057,중랑1팀
SPB-57058,영남3팀
SPB-57063,중랑1팀
SPB-57065,중랑2팀
SPB-57067,중랑1팀
SPB-57074,중랑1팀
SPB-57082,상암1팀
SPB-57084,상암1팀
SPB-57085,훈련원4팀
SPB-57086,영남3팀
SPB-57089,상암1팀
SPB-57092,훈련원3팀
SPB-57093,세종로1팀
SPB-57098,훈련원3팀
SPB-57104,영남1팀
SPB-57106,상암1팀
SPB-57112,영남1팀
SPB-57113,중랑2팀
SPB-57114,영남1팀
SPB-57115,상암1팀
SPB-57118,영남3팀
SPB-57119,상암1팀
SPB-57136,상암1팀
SPB-57139,천왕1팀
SPB-57145,개화4팀
SPB-57146,개화4팀
SPB-57148,훈련원3팀
SPB-57150,훈련원1팀
SPB-57152,훈련원1팀
SPB-57155,영남1팀
SPB-57156,훈련원1팀
SPB-57159,상암1팀
SPB-57162,영남3팀
SPB-57163,개화4팀
SPB-57165,훈련원4팀
SPB-57181,중랑2팀
SPB-57183,영남1팀
SPB-57187,영남3팀
SPB-57188,훈련원1팀
SPB-57189,상암1팀
SPB-57190,훈련원4팀
SPB-57196,영남3팀
SPB-57197,영남3팀
SPB-57199,훈련원4팀
SPB-57202,훈련원1팀
SPB-57204,상암1팀
SPB-57206,천왕1팀
SPB-57207,상암1팀
SPB-57210,훈련원1팀
SPB-57211,훈련원4팀
SPB-57212,훈련원1팀
SPB-57214,중랑2팀
SPB-57216,상암1팀
SPB-57218,훈련원3팀
SPB-57233,훈련원3팀
SPB-57237,개화3팀
SPB-57251,개화3팀
SPB-57252,상암1팀
SPB-57258,중랑2팀
SPB-57273,상암1팀
SPB-57275,상암1팀
SPB-57278,상암1팀
SPB-57280,훈련원4팀
SPB-57283,영남1팀
SPB-57285,중랑2팀
SPB-57286,중랑1팀
SPB-57292,중랑2팀
SPB-57293,중랑1팀
SPB-57294,훈련원4팀
SPB-57332,훈련원1팀
SPB-57333,영남1팀
SPB-57335,중랑2팀
SPB-57343,개화3팀
SPB-57345,영남1팀
SPB-57348,훈련원1팀
SPB-57382,중랑1팀
SPB-57384,훈련원1팀
SPB-57386,상암1팀
SPB-57388,상암1팀
SPB-57390,영남1팀
SPB-57391,영남1팀
SPB-57396,영남1팀
SPB-57400,훈련원1팀
SPB-57441,상암1팀
SPB-57449,상암1팀
SPB-57451,영남1팀
SPB-57455,중랑1팀
SPB-57456,훈련원4팀
SPB-57458,영남1팀
SPB-57463,중랑1팀
SPB-57469,영남3팀
SPB-57472,영남1팀
SPB-57473,영남3팀
SPB-57474,영남3팀
SPB-57475,상암1팀
SPB-57476,영남3팀
SPB-57478,중랑1팀
SPB-57479,영남3팀
SPB-57510,중랑2팀
SPB-57520,영남3팀
SPB-57521,훈련원4팀
SPB-57523,영남3팀
SPB-57525,세종로1팀
SPB-57530,중랑2팀
SPB-57534,훈련원3팀
SPB-57536,영남3팀
SPB-57537,상암1팀
SPB-57538,중랑1팀
SPB-57542,세종로1팀
SPB-57543,영남1팀
SPB-57551,상암1팀
SPB-57552,영남3팀
SPB-57555,영남3팀
SPB-57556,영남1팀
SPB-57560,영남1팀
SPB-57591,영남1팀
SPB-57594,영남3팀
SPB-57600,천왕1팀
SPB-57606,중랑1팀
SPB-57607,영남3팀
SPB-57608,개화3팀
SPB-57610,영남3팀
SPB-57613,영남1팀
SPB-57616,개화4팀
SPB-57617,영남3팀
SPB-57619,훈련원1팀
SPB-57624,영남1팀
SPB-57629,영남1팀
SPB-57635,훈련원1팀
SPB-57636,중랑1팀
SPB-57640,중랑1팀
SPB-57642,개화3팀
SPB-57644,상암1팀
SPB-57646,중랑2팀
SPB-57647,영남3팀
SPB-57650,상암1팀
SPB-57651,훈련원1팀
SPB-57662,훈련원4팀
SPB-57667,중랑1팀
SPB-57670,상암1팀
SPB-57671,중랑2팀
SPB-57672,개화4팀
SPB-57673,천왕1팀
SPB-57675,영남3팀
SPB-57682,천왕1팀
SPB-57683,상암2팀
SPB-57689,영남1팀
SPB-57692,훈련원1팀
SPB-57694,개화4팀
SPB-57695,상암1팀
SPB-57703,세종로1팀
SPB-57708,훈련원4팀
SPB-57709,상암1팀
SPB-57712,상암1팀
SPB-57714,개화3팀
SPB-57715,중랑2팀
SPB-57717,상암1팀
SPB-57719,영남3팀
SPB-57720,상암1팀
SPB-57721,상암2팀
SPB-57725,훈련원4팀
SPB-57729,훈련원1팀
SPB-57733,개화3팀
SPB-57734,세종로2팀
SPB-57737,훈련원3팀
SPB-57741,개화3팀
SPB-57742,영남1팀
SPB-57748,훈련원1팀
SPB-57750,중랑1팀
SPB-57751,영남3팀
SPB-57753,세종로1팀
SPB-57759,훈련원1팀
SPB-57761,훈련원3팀
SPB-57762,개화3팀
SPB-57767,중랑2팀
SPB-57768,상암2팀
SPB-57770,영남1팀
SPB-57771,중랑1팀
SPB-57775,중랑2팀
SPB-57778,영남1팀
SPB-57779,훈련원3팀
SPB-57781,영남1팀
SPB-57782,영남3팀
SPB-57783,중랑1팀
SPB-57784,훈련원1팀
SPB-57785,영남1팀
SPB-57787,개화3팀
SPB-57788,상암1팀
SPB-57795,영남1팀
SPB-57797,영남2팀
SPB-57798,개화3팀
SPB-57800,영남1팀
SPB-57804,훈련원3팀
SPB-57806,훈련원1팀
SPB-57810,중랑2팀
SPB-57811,훈련원1팀
SPB-57812,상암1팀
SPB-57814,개화4팀
SPB-57815,세종로1팀
SPB-57818,천왕1팀
SPB-57822,상암1팀
SPB-57824,세종로 4팀
SPB-57830,상암1팀
SPB-57833,영남1팀
SPB-57836,개화4팀
SPB-57842,영남3팀
SPB-57848,중랑2팀
SPB-57851,중랑1팀
SPB-57852,중랑2팀
SPB-57853,영남3팀
SPB-57855,훈련원1팀
SPB-57858,영남3팀
SPB-57859,영남1팀
SPB-57863,영남3팀
SPB-57867,상암1팀
SPB-57868,훈련원1팀
SPB-57869,중랑1팀
SPB-57870,훈련원1팀
SPB-57872,세종로2팀
SPB-57873,영남2팀
SPB-57875,상암1팀
SPB-57878,영남3팀
SPB-57879,중랑2팀
SPB-57888,영남1팀
SPB-57889,영남1팀
SPB-57896,중랑1팀
SPB-57898,세종로2팀
SPB-57899,훈련원4팀
SPB-57905,상암1팀
SPB-57907,상암2팀
SPB-57909,훈련원3팀
SPB-57911,영남1팀
SPB-57912,영남3팀
SPB-57915,개화3팀
SPB-57916,훈련원4팀
SPB-57921,상암1팀
SPB-57923,영남1팀
SPB-57930,상암1팀
SPB-57935,중랑1팀
SPB-57939,훈련원3팀
SPB-57942,상암1팀
SPB-57944,영남3팀
SPB-57945,영남3팀
SPB-57947,상암1팀
SPB-57948,개화3팀
SPB-57949,훈련원4팀
SPB-57950,세종로2팀
SPB-57952,상암1팀
SPB-57953,영남3팀
SPB-57964,상암1팀
SPB-57967,훈련원1팀
SPB-57969,중랑2팀
SPB-57972,훈련원3팀
SPB-57973,영남1팀
SPB-57980,상암1팀
SPB-57984,개화2팀
SPB-57986,상암1팀
SPB-57987,훈련원1팀
SPB-57989,영남3팀
SPB-57990,중랑2팀
SPB-57993,영남1팀
SPB-57995,훈련원3팀
SPB-57998,상암1팀
SPB-57999,훈련원4팀
SPB-58002,훈련원3팀
SPB-58003,상암1팀
SPB-58005,개화4팀
SPB-58006,중랑1팀
SPB-58009,중랑2팀
SPB-58011,영남3팀
SPB-58012,상암1팀
SPB-58013,영남1팀
SPB-58014,상암1팀
SPB-58017,개화4팀
SPB-58018,중랑2팀
SPB-58019,상암1팀
SPB-58022,영남3팀
SPB-58027,중랑1팀
SPB-58029,세종로2팀
SPB-58031,훈련원1팀
SPB-58034,영남1팀
SPB-58035,중랑2팀
SPB-58039,상암1팀
SPB-58042,중랑1팀
SPB-58050,상암1팀
SPB-58053,영남3팀
SPB-58054,훈련원1팀
SPB-58056,세종로1팀
SPB-58065,영남3팀
SPB-58068,세종로2팀
SPB-58071,중랑2팀
SPB-58072,훈련원3팀
SPB-58077,상암1팀
SPB-58078,상암1팀
SPB-58083,훈련원1팀
SPB-58084,상암1팀
SPB-58086,개화4팀
SPB-58092,영남3팀
SPB-58094,상암1팀
SPB-58097,중랑2팀
SPB-58105,중랑2팀
SPB-58108,훈련원3팀
SPB-58109,상암1팀
SPB-58110,상암1팀
SPB-58111,훈련원4팀
SPB-58116,영남3팀
SPB-58117,상암1팀
SPB-58118,영남1팀
SPB-58119,영남3팀
SPB-58120,영남3팀
SPB-58121,세종로 4팀
SPB-58125,개화3팀
SPB-58127,세종로2팀
SPB-58134,훈련원3팀
SPB-58135,상암1팀
SPB-58136,세종로2팀
SPB-58139,영남1팀
SPB-58143,중랑1팀
SPB-58146,중랑2팀
SPB-58148,상암2팀
SPB-58151,훈련원3팀
SPB-58152,영남1팀
SPB-58160,중랑2팀
SPB-58162,중랑1팀
SPB-58165,영남1팀
SPB-58170,상암1팀
SPB-58175,영남3팀
SPB-58176,훈련원1팀
SPB-58180,훈련원3팀
SPB-58185,상암1팀
SPB-58189,영남1팀
SPB-58190,훈련원4팀
SPB-58191,중랑1팀
SPB-58192,영남3팀
SPB-58193,세종로1팀
SPB-58194,영남3팀
SPB-58195,영남3팀
SPB-58196,개화2팀
SPB-58199,영남1팀
SPB-58200,훈련원3팀
SPB-58202,훈련원3팀
SPB-58212,중랑1팀
SPB-58214,훈련원3팀
SPB-58215,개화4팀
SPB-58223,상암2팀
SPB-58226,상암1팀
SPB-58227,훈련원4팀
SPB-58231,영남1팀
SPB-58232,영남1팀
SPB-58234,영남3팀
SPB-58242,훈련원4팀
SPB-58243,상암1팀
SPB-58245,영남3팀
SPB-58252,세종로1팀
SPB-58254,상암1팀
SPB-58255,훈련원4팀
SPB-58259,상암2팀
SPB-58260,영남1팀
SPB-58261,훈련원1팀
SPB-58263,영남1팀
SPB-58264,영남1팀
SPB-58266,훈련원4팀
SPB-58267,중랑2팀
SPB-58269,개화3팀
SPB-58270,영남1팀
SPB-58275,상암1팀
SPB-58282,상암1팀
SPB-58284,중랑1팀
SPB-58289,상암1팀
SPB-58291,훈련원3팀
SPB-58292,훈련원3팀
SPB-58297,상암1팀
SPB-58299,영남1팀
SPB-58302,상암1팀
SPB-58304,세종로1팀
SPB-58307,중랑2팀
SPB-58310,영남3팀
SPB-58311,훈련원1팀
SPB-58317,영남3팀
SPB-58321,영남3팀
SPB-58327,세종로2팀
SPB-58328,영남1팀
SPB-58329,세종로2팀
SPB-58332,개화3팀
SPB-58334,세종로 4팀
SPB-58336,영남3팀
SPB-58337,영남1팀
SPB-58343,영남3팀
SPB-58344,세종로2팀
SPB-58348,세종로1팀
SPB-58350,중랑2팀
SPB-58355,상암1팀
SPB-58360,훈련원4팀
SPB-58370,중랑2팀
SPB-58373,훈련원1팀
SPB-58374,훈련원4팀
SPB-58376,영남1팀
SPB-58377,상암1팀
SPB-58378,훈련원1팀
SPB-58380,중랑2팀
SPB-58383,영남1팀
SPB-58384,영남1팀
SPB-58389,상암1팀
SPB-58391,천왕1팀
SPB-58393,영남1팀
SPB-58396,상암1팀
SPB-58397,개화4팀
SPB-58398,상암1팀
SPB-58406,상암1팀
SPB-58410,영남3팀
SPB-58411,영남3팀
SPB-58412,영남1팀
SPB-58418,천왕1팀
SPB-58419,훈련원4팀
SPB-58425,개화3팀
SPB-58427,영남3팀
SPB-58429,상암1팀
SPB-58430,영남3팀
SPB-58435,중랑2팀
SPB-58436,영남1팀
SPB-58439,세종로2팀
SPB-58441,훈련원4팀
SPB-58445,상암1팀
SPB-58447,영남3팀
SPB-58448,영남3팀
SPB-58450,개화3팀
SPB-58452,중랑2팀
SPB-58459,훈련원1팀
SPB-58460,상암1팀
SPB-58461,훈련원1팀
SPB-58463,영남1팀
SPB-58471,영남3팀
SPB-58472,중랑2팀
SPB-58473,영남1팀
SPB-58474,영남3팀
SPB-58476,세종로2팀
SPB-58477,훈련원3팀
SPB-58482,상암1팀
SPB-58485,상암2팀
SPB-58487,상암1팀
SPB-58489,영남1팀
SPB-58493,훈련원1팀
SPB-58494,세종로1팀
SPB-58495,천왕1팀
SPB-58498,훈련원1팀
SPB-58499,중랑2팀
SPB-58501,개화4팀
SPB-58502,영남1팀
SPB-58503,영남3팀
SPB-58504,상암2팀
SPB-58506,훈련원3팀
SPB-58508,개화3팀
SPB-58509,상암1팀
SPB-58511,상암1팀
SPB-58516,개화3팀
SPB-58520,세종로1팀
SPB-58522,상암1팀
SPB-58524,상암1팀
SPB-58526,영남1팀
SPB-58527,중랑1팀
SPB-58532,중랑2팀
SPB-58540,영남1팀
SPB-58542,영남1팀
SPB-58547,개화4팀
SPB-58549,개화3팀
SPB-58551,상암1팀
SPB-58553,중랑2팀
SPB-58555,영남3팀
SPB-58572,상암1팀
SPB-58573,상암1팀
SPB-58574,상암2팀
SPB-58576,중랑2팀
SPB-58578,훈련원4팀
SPB-58581,훈련원1팀
SPB-58583,세종로1팀
SPB-58589,상암1팀
SPB-58590,중랑2팀
SPB-58591,상암1팀
SPB-58593,훈련원1팀
SPB-58598,중랑2팀
SPB-58600,세종로1팀
SPB-58608,중랑2팀
SPB-58614,영남1팀
SPB-58616,세종로2팀
SPB-58622,영남3팀
SPB-58627,훈련원4팀
SPB-58631,훈련원3팀
SPB-58634,세종로2팀
SPB-58636,개화3팀
SPB-58637,개화4팀
SPB-58638,개화3팀
SPB-58641,영남3팀
SPB-58650,상암1팀
SPB-58651,훈련원1팀
SPB-58654,영남1팀
SPB-58655,중랑1팀
SPB-58657,영남1팀
SPB-58658,중랑1팀
SPB-58665,영남1팀
SPB-58671,훈련원3팀
SPB-58672,훈련원1팀
SPB-58674,중랑1팀
SPB-58677,상암1팀
SPB-58678,영남3팀
SPB-58682,영남3팀
SPB-58683,훈련원4팀
SPB-58685,상암1팀
SPB-58686,중랑2팀
SPB-58688,개화4팀
SPB-58690,상암1팀
SPB-58695,중랑2팀
SPB-58696,영남1팀
SPB-58701,상암1팀
SPB-58702,영남1팀
SPB-58703,영남1팀
SPB-58704,개화3팀
SPB-58711,상암1팀
SPB-58712,중랑1팀
SPB-58713,영남1팀
SPB-58716,훈련원1팀
SPB-58719,개화3팀
SPB-58729,개화3팀
SPB-58732,중랑2팀
SPB-58733,영남1팀
SPB-58737,개화3팀
SPB-58739,영남3팀
SPB-58741,개화3팀
SPB-58746,중랑2팀
SPB-58747,영남3팀
SPB-58751,영남3팀
SPB-58752,훈련원3팀
SPB-58754,훈련원4팀
SPB-58757,훈련원4팀
SPB-58762,상암1팀
SPB-58769,상암1팀
SPB-58772,영남1팀
SPB-58773,상암1팀
SPB-58774,영남1팀
SPB-58775,중랑1팀
SPB-58781,중랑1팀
SPB-58782,중랑2팀
SPB-58787,개화3팀
SPB-58793,훈련원1팀
SPB-58796,영남1팀
SPB-58804,중랑2팀
SPB-58805,영남3팀
SPB-58807,영남1팀
SPB-58808,훈련원4팀
SPB-58811,영남1팀
SPB-58813,영남3팀
SPB-58819,상암1팀
SPB-58821,훈련원1팀
SPB-58822,훈련원1팀
SPB-58824,중랑1팀
SPB-58825,훈련원4팀
SPB-58826,상암1팀
SPB-58830,개화3팀
SPB-58833,중랑1팀
SPB-58844,훈련원1팀
SPB-58845,중랑2팀
SPB-58847,영남1팀
SPB-58849,상암1팀
SPB-58850,상암1팀
SPB-58852,영남1팀
SPB-58853,세종로1팀
SPB-58860,훈련원1팀
SPB-58862,중랑2팀
SPB-58864,상암2팀
SPB-58865,세종로2팀
SPB-58870,상암1팀
SPB-58874,세종로2팀
SPB-58875,영남1팀
SPB-58876,중랑1팀
SPB-58879,상암2팀
SPB-58880,중랑2팀
SPB-58881,영남1팀
SPB-58882,상암1팀
SPB-58883,중랑1팀
SPB-58886,훈련원1팀
SPB-58889,중랑2팀
SPB-58902,중랑1팀
SPB-58925,중랑2팀
SPB-58929,훈련원3팀
SPB-58932,상암1팀
SPB-58938,영남3팀
SPB-58949,상암1팀
SPB-58960,상암1팀
SPB-58962,세종로2팀
SPB-58966,중랑1팀
SPB-58968,영남1팀
SPB-58969,영남1팀
SPB-58991,영남1팀
SPB-58993,영남1팀
SPB-58994,영남3팀
SPB-58999,훈련원3팀
SPB-59001,개화3팀
SPB-59006,영남3팀
SPB-59010,영남1팀
SPB-59012,훈련원4팀
SPB-59014,영남1팀
SPB-59016,훈련원3팀
SPB-59017,훈련원3팀
SPB-59018,중랑1팀
SPB-59019,세종로1팀
SPB-59023,중랑1팀
SPB-59024,중랑2팀
SPB-59026,상암1팀
SPB-59030,영남3팀
SPB-59031,영남1팀
SPB-59033,영남1팀
SPB-59036,훈련원4팀
SPB-59039,영남1팀
SPB-59040,상암1팀
SPB-59041,개화3팀
SPB-59042,영남3팀
SPB-59047,훈련원1팀
SPB-59048,세종로1팀
SPB-59049,영남1팀
SPB-59050,훈련원1팀
SPB-59051,영남3팀
SPB-59052,영남3팀
SPB-59054,상암1팀
SPB-59055,영남1팀
SPB-59057,영남3팀
SPB-59058,중랑2팀
SPB-59059,상암1팀
SPB-59060,훈련원4팀
SPB-59063,개화4팀
SPB-59066,영남1팀
SPB-59070,세종로1팀
SPB-59072,상암1팀
SPB-59075,상암2팀
SPB-59076,영남1팀
SPB-59084,상암2팀
SPB-59087,영남1팀
SPB-59089,중랑1팀
SPB-59094,훈련원3팀
SPB-59097,영남1팀
SPB-59099,훈련원1팀
SPB-59100,훈련원1팀
SPB-59101,영남3팀
SPB-59103,훈련원3팀
SPB-59104,영남3팀
SPB-59107,훈련원1팀
SPB-59108,영남1팀
SPB-59110,영남1팀
SPB-59111,영남1팀
SPB-59114,훈련원4팀
SPB-59120,영남3팀
SPB-59121,중랑1팀
SPB-59122,훈련원4팀
SPB-59124,상암1팀
SPB-59126,상암1팀
SPB-59127,세종로2팀
SPB-59128,중랑1팀
SPB-59134,훈련원3팀
SPB-59137,세종로2팀
SPB-59138,상암1팀
SPB-59141,영남3팀
SPB-59143,영남1팀
SPB-59146,영남1팀
SPB-59149,상암2팀
SPB-59153,상암1팀
SPB-59154,영남1팀
SPB-59155,영남1팀
SPB-59158,영남1팀
SPB-59162,상암1팀
SPB-59163,영남1팀
SPB-59164,상암1팀
SPB-59169,세종로1팀
SPB-59171,영남1팀
SPB-59172,천왕1팀
SPB-59173,영남3팀
SPB-59175,중랑2팀
SPB-59178,세종로2팀
SPB-59179,영남3팀
SPB-59184,중랑1팀
SPB-59185,훈련원1팀
SPB-59186,중랑1팀
SPB-59187,훈련원4팀
SPB-59188,상암2팀
SPB-59193,훈련원1팀
SPB-59195,중랑1팀
SPB-59197,상암1팀
SPB-59202,훈련원3팀
SPB-59204,상암1팀
SPB-59206,상암2팀
SPB-59211,훈련원1팀
SPB-59215,훈련원4팀
SPB-59217,세종로 4팀
SPB-59218,상암1팀
SPB-59219,훈련원1팀
SPB-59220,훈련원3팀
SPB-59230,훈련원1팀
SPB-59231,상암1팀
SPB-59233,영남3팀
SPB-59235,중랑2팀
SPB-59237,세종로1팀
SPB-59238,상암1팀
SPB-59239,영남3팀
SPB-59241,세종로1팀
SPB-59247,중랑1팀
SPB-59254,영남1팀
SPB-59255,훈련원4팀
SPB-59256,훈련원1팀
SPB-59258,상암1팀
SPB-59259,영남3팀
SPB-59260,상암2팀
SPB-59261,중랑1팀
SPB-59262,중랑1팀
SPB-59266,영남3팀
SPB-59269,개화3팀
SPB-59270,훈련원3팀
SPB-59272,중랑2팀
SPB-59273,중랑1팀
SPB-59275,상암2팀
SPB-59277,중랑2팀
SPB-59279,세종로2팀
SPB-59289,중랑1팀
SPB-59290,상암1팀
SPB-59291,영남1팀
SPB-59293,중랑2팀
SPB-59294,영남3팀
SPB-59295,영남1팀
SPB-59296,훈련원4팀
SPB-59298,중랑2팀
SPB-59300,훈련원3팀
SPB-59304,영남1팀
SPB-59306,영남1팀
SPB-59307,상암1팀
SPB-59310,세종로2팀
SPB-59314,중랑1팀
SPB-59318,영남1팀
SPB-59319,중랑1팀
SPB-59320,훈련원3팀
SPB-59321,중랑2팀
SPB-59327,중랑2팀
SPB-59331,상암2팀
SPB-59336,영남1팀
SPB-59338,세종로1팀
SPB-59341,영남1팀
SPB-59344,상암1팀
SPB-59348,영남1팀
SPB-59353,훈련원3팀
SPB-59356,영남3팀
SPB-59357,훈련원1팀
SPB-59359,영남3팀
SPB-59361,중랑2팀
SPB-59362,상암1팀
SPB-59363,중랑2팀
SPB-59364,훈련원3팀
SPB-59370,영남3팀
SPB-59373,영남3팀
SPB-59379,개화3팀
SPB-59381,상암1팀
SPB-59382,중랑2팀
SPB-59385,영남3팀
SPB-59386,중랑2팀
SPB-59387,세종로2팀
SPB-59388,세종로1팀
SPB-59390,영남1팀
SPB-59392,상암1팀
SPB-59393,중랑2팀
SPB-59395,중랑2팀
SPB-59400,중랑2팀
SPB-59401,세종로2팀
SPB-59403,상암1팀
SPB-59405,중랑1팀
SPB-59409,중랑2팀
SPB-59412,중랑2팀
SPB-59415,영남1팀
SPB-59419,세종로2팀
SPB-59422,영남3팀
SPB-59425,상암1팀
SPB-59426,영남1팀
SPB-59428,중랑2팀
SPB-59429,영남3팀
SPB-59430,영남3팀
SPB-59437,훈련원3팀
SPB-59438,중랑2팀
SPB-59439,훈련원4팀
SPB-59441,개화3팀
SPB-59449,상암1팀
SPB-59450,훈련원3팀
SPB-59452,영남3팀
SPB-59454,중랑1팀
SPB-59461,개화4팀
SPB-59462,영남1팀
SPB-59464,상암2팀
SPB-59470,상암2팀
SPB-59471,영남2팀
SPB-59474,상암1팀
SPB-59475,영남1팀
SPB-59477,중랑2팀
SPB-59480,개화3팀
SPB-59481,영남3팀
SPB-59482,천왕1팀
SPB-59487,상암1팀
SPB-59489,중랑1팀
SPB-59490,훈련원1팀
SPB-59495,훈련원3팀
SPB-59496,상암1팀
SPB-59499,중랑2팀
SPB-59501,중랑2팀
SPB-59505,영남1팀
SPB-59510,상암1팀
SPB-59512,영남3팀
SPB-59514,중랑2팀
SPB-59515,영남3팀
SPB-59520,훈련원1팀
SPB-59521,영남1팀
SPB-59525,영남1팀
SPB-59531,상암1팀
SPB-59532,훈련원4팀
SPB-59536,훈련원4팀
SPB-59538,훈련원3팀
SPB-59539,상암1팀
SPB-59542,영남3팀
SPB-59543,영남3팀
SPB-59545,상암2팀
SPB-59549,훈련원4팀
SPB-59550,영남1팀
SPB-59551,영남1팀
SPB-59554,상암1팀
SPB-59556,영남1팀
SPB-59560,영남1팀
SPB-59561,훈련원4팀
SPB-59562,중랑2팀
SPB-59566,영남3팀
SPB-59568,상암1팀
SPB-59576,중랑1팀
SPB-59580,중랑2팀
SPB-59581,영남1팀
SPB-59584,훈련원3팀
SPB-59590,상암2팀
SPB-59594,상암1팀
SPB-59595,세종로1팀
SPB-59600,상암2팀
SPB-59602,훈련원1팀
SPB-59603,중랑2팀
SPB-59607,영남1팀
SPB-59608,영남3팀
SPB-59609,영남1팀
SPB-59611,중랑2팀
SPB-59616,상암1팀
SPB-59617,중랑1팀
SPB-59618,개화3팀
SPB-59624,중랑2팀
SPB-59625,영남1팀
SPB-59626,상암1팀
SPB-59629,훈련원1팀
SPB-59632,중랑1팀
SPB-59635,개화3팀
SPB-59636,영남1팀
SPB-59639,상암1팀
SPB-59643,영남3팀
SPB-59645,중랑2팀
SPB-59646,영남1팀
SPB-59653,중랑2팀
SPB-59655,중랑2팀
SPB-59656,개화4팀
SPB-59658,중랑1팀
SPB-59665,영남1팀
SPB-59666,영남1팀
SPB-59669,상암1팀
SPB-59671,중랑2팀
SPB-59672,상암1팀
SPB-59673,중랑1팀
SPB-59675,개화4팀
SPB-59676,상암1팀
SPB-59678,영남3팀
SPB-59681,훈련원4팀
SPB-59682,영남3팀
SPB-59690,상암1팀
SPB-59691,훈련원1팀
SPB-59693,훈련원1팀
SPB-59694,상암2팀
SPB-59695,영남1팀
SPB-59696,중랑2팀
SPB-59697,세종로 4팀
SPB-59700,영남1팀
SPB-59703,영남1팀
SPB-59708,개화3팀
SPB-59711,영남3팀
SPB-59712,상암1팀
SPB-59715,상암1팀
SPB-59717,상암1팀
SPB-59720,중랑1팀
SPB-59723,중랑2팀
SPB-59726,개화2팀
SPB-59727,개화3팀
SPB-59730,중랑1팀
SPB-59731,훈련원4팀
SPB-59732,중랑1팀
SPB-59734,훈련원4팀
SPB-59741,훈련원4팀
SPB-59742,개화4팀
SPB-59744,중랑2팀
SPB-59748,훈련원3팀
SPB-59749,중랑1팀
SPB-59750,영남1팀
SPB-59751,훈련원4팀
SPB-59753,훈련원3팀
SPB-59755,훈련원4팀
SPB-59759,영남1팀
SPB-59760,영남3팀
SPB-59761,훈련원1팀
SPB-59764,영남3팀
SPB-59766,중랑2팀
SPB-59767,영남1팀
SPB-59770,훈련원1팀
SPB-59771,영남3팀
SPB-59775,영남1팀
SPB-59776,영남1팀
SPB-59779,개화4팀
SPB-59780,개화4팀
SPB-59781,영남1팀
SPB-59786,영남3팀
SPB-59787,영남1팀
SPB-59788,영남1팀
SPB-59790,상암1팀
SPB-59791,중랑2팀
SPB-59792,훈련원3팀
SPB-59793,상암2팀
SPB-59797,훈련원3팀
SPB-59800,상암1팀
SPB-59804,영남3팀
SPB-59816,영남1팀
SPB-59819,영남1팀
SPB-59820,훈련원4팀
SPB-59821,영남1팀
SPB-59822,개화3팀
SPB-59824,중랑2팀
SPB-59825,영남3팀
SPB-59826,훈련원4팀
SPB-59827,중랑1팀
SPB-59828,상암1팀
SPB-59829,훈련원3팀
SPB-59831,영남1팀
SPB-59836,영남1팀
SPB-59839,훈련원3팀
SPB-59840,중랑1팀
SPB-59841,상암1팀
SPB-59847,훈련원3팀
SPB-59849,개화4팀
SPB-59853,영남3팀
SPB-59855,훈련원4팀
SPB-59857,상암1팀
SPB-59860,영남3팀
SPB-59861,영남1팀
SPB-59863,훈련원1팀
SPB-59865,개화3팀
SPB-59868,영남1팀
SPB-59873,개화2팀
SPB-59874,개화4팀
SPB-59886,훈련원4팀
SPB-59891,영남3팀
SPB-59893,상암1팀
SPB-59894,훈련원3팀
SPB-59898,상암2팀
SPB-59899,영남1팀
SPB-59903,상암2팀
SPB-59906,영남1팀
SPB-59907,세종로1팀
SPB-59910,영남3팀
SPB-59911,영남1팀
SPB-59913,영남1팀
SPB-59914,상암1팀
SPB-59915,영남3팀
SPB-59926,훈련원3팀
SPB-59932,영남3팀
SPB-59933,상암1팀
SPB-59936,훈련원4팀
SPB-59938,영남1팀
SPB-59942,영남3팀
SPB-59943,영남3팀
SPB-59944,상암1팀
SPB-59950,훈련원1팀
SPB-59952,상암1팀
SPB-59955,영남3팀
SPB-59958,훈련원3팀
SPB-59970,영남1팀
SPB-59971,훈련원1팀
SPB-59973,훈련원4팀
SPB-59974,중랑1팀
SPB-59975,상암1팀
SPB-59977,영남1팀
SPB-59983,상암2팀
SPB-59985,영남3팀
SPB-59986,상암1팀
SPB-59998,영남1팀
SPB-60000,훈련원3팀
SPB-60002,영남1팀
SPB-60004,상암1팀
SPB-60006,중랑2팀
SPB-60007,중랑1팀
SPB-60008,상암1팀
SPB-60009,중랑2팀
SPB-60015,상암1팀
SPB-60021,개화4팀
SPB-60023,훈련원4팀
SPB-60027,훈련원1팀
SPB-60028,영남1팀
SPB-60030,중랑1팀
SPB-60032,중랑2팀
SPB-60033,상암1팀
SPB-60038,영남3팀
SPB-60044,영남3팀
SPB-60049,영남1팀
SPB-60051,훈련원3팀
SPB-60052,영남1팀
SPB-60054,중랑2팀
SPB-60055,훈련원3팀
SPB-60061,중랑1팀
SPB-60062,영남3팀
SPB-60063,상암2팀
SPB-60067,영남3팀
SPB-60068,영남3팀
SPB-60074,영남3팀
SPB-60077,중랑2팀
SPB-60078,훈련원1팀
SPB-60081,중랑1팀
SPB-60082,천왕1팀
SPB-60083,세종로1팀
SPB-60084,중랑1팀
SPB-60087,훈련원4팀
SPB-60095,영남1팀
SPB-60098,훈련원3팀
SPB-60102,영남1팀
SPB-60103,상암1팀
SPB-60107,중랑2팀
SPB-60110,상암1팀
SPB-60111,중랑1팀
SPB-60112,영남3팀
SPB-60115,상암1팀
SPB-60116,세종로1팀
SPB-60120,세종로1팀
SPB-60123,영남1팀
SPB-60124,중랑1팀
SPB-60125,상암1팀
SPB-60130,상암1팀
SPB-60131,상암1팀
SPB-60132,영남1팀
SPB-60137,영남1팀
SPB-60138,세종로1팀
SPB-60139,영남1팀
SPB-60141,세종로1팀
SPB-60142,훈련원3팀
SPB-60143,중랑1팀
SPB-60148,상암1팀
SPB-60151,훈련원3팀
SPB-60155,상암1팀
SPB-60156,영남1팀
SPB-60162,중랑1팀
SPB-60163,중랑2팀
SPB-60165,개화3팀
SPB-60168,상암1팀
SPB-60170,영남3팀
SPB-60171,세종로2팀
SPB-60174,훈련원4팀
SPB-60175,훈련원3팀
SPB-60180,훈련원4팀
SPB-60181,훈련원1팀
SPB-60182,중랑1팀
SPB-60183,영남1팀
SPB-60184,훈련원3팀
SPB-60185,중랑1팀
SPB-60186,상암1팀
SPB-60188,훈련원3팀
SPB-60189,훈련원1팀
SPB-60190,개화3팀
SPB-60198,영남3팀
SPB-60199,영남3팀
SPB-60203,중랑1팀
SPB-60204,개화4팀
SPB-60211,훈련원4팀
SPB-60212,상암2팀
SPB-60227,상암1팀
SPB-60231,영남1팀
SPB-60233,중랑1팀
SPB-60239,훈련원4팀
SPB-60243,세종로1팀
SPB-60249,중랑2팀
SPB-60259,영남3팀
SPB-60271,훈련원3팀
SPB-60276,훈련원1팀
SPB-60289,영남3팀
SPB-60292,영남1팀
SPB-60293,훈련원4팀
SPB-60298,훈련원3팀
SPB-60306,영남1팀
SPB-60322,훈련원4팀
SPB-60323,영남1팀
SPB-60333,영남1팀
SPB-60341,개화4팀
SPB-60342,상암1팀
SPB-60346,중랑1팀
SPB-60373,훈련원1팀
SPB-60375,개화4팀
SPB-60399,훈련원1팀
SPB-60402,개화4팀
SPB-60408,중랑1팀
SPB-60410,상암1팀
SPB-60413,훈련원1팀
SPB-60421,중랑1팀
SPB-60422,상암1팀
SPB-60431,세종로 4팀
SPB-60442,상암1팀
SPB-60445,세종로1팀
SPB-60451,상암1팀
SPB-60456,훈련원1팀
SPB-60459,천왕1팀
SPB-60460,훈련원4팀
SPB-60462,상암2팀
SPB-60471,영남3팀
SPB-60474,개화2팀
SPB-60478,세종로 4팀
SPB-60482,훈련원1팀
SPB-60484,중랑1팀
SPB-60487,훈련원1팀
SPB-60488,세종로2팀
SPB-60490,영남3팀
SPB-60494,훈련원1팀
SPB-60507,훈련원4팀
SPB-60509,훈련원4팀
SPB-60513,세종로1팀
SPB-60514,개화4팀
SPB-60517,상암1팀
SPB-60520,중랑1팀
SPB-60521,개화4팀
SPB-60522,영남3팀
SPB-60524,영남3팀
SPB-60543,영남1팀
SPB-60547,세종로1팀
SPB-60551,훈련원1팀
SPB-60558,중랑2팀
SPB-60559,영남2팀
SPB-60561,상암1팀
SPB-60562,영남3팀
SPB-60566,개화4팀
SPB-60574,세종로 4팀
SPB-60603,개화4팀
SPB-60612,세종로1팀
SPB-60613,세종로2팀
SPB-60615,훈련원4팀
SPB-60617,훈련원1팀
SPB-60620,훈련원4팀
SPB-60623,훈련원4팀
SPB-60626,상암1팀
SPB-60629,상암1팀
SPB-60633,영남3팀
SPB-60652,훈련원4팀
SPB-60661,개화3팀
SPB-60669,중랑1팀
SPB-60673,영남1팀
SPB-60680,훈련원1팀
SPB-60694,영남3팀
SPB-60704,개화3팀
SPB-60733,훈련원3팀
SPB-60750,중랑2팀
SPB-60756,상암1팀
SPB-60760,상암1팀
SPB-60763,상암1팀
SPB-60785,훈련원3팀
SPB-60795,영남1팀
SPB-60796,상암1팀
SPB-60804,중랑2팀
SPB-60806,세종로1팀
SPB-60823,영남1팀
SPB-60834,중랑2팀
SPB-60848,상암1팀
SPB-60866,영남3팀
SPB-60871,상암1팀
SPB-60885,훈련원4팀
SPB-60900,중랑1팀
SPB-60902,중랑2팀
SPB-60903,상암1팀
SPB-60909,훈련원4팀
SPB-60913,영남3팀
SPB-60926,개화3팀
SPB-60933,중랑1팀
SPB-60940,영남3팀
SPB-60942,영남1팀
SPB-60953,상암1팀
SPB-60954,상암2팀
SPB-60959,상암1팀
SPB-60961,상암1팀
SPB-60962,훈련원3팀
SPB-60963,개화3팀
SPB-60968,훈련원3팀
SPB-60970,상암1팀
SPB-60971,영남1팀
SPB-60972,영남1팀
SPB-60978,영남1팀
SPB-60986,훈련원4팀
SPB-60991,훈련원4팀
SPB-60994,세종로2팀
SPB-61004,상암1팀
SPB-61005,상암2팀
SPB-61015,영남3팀
SPB-61025,영남1팀
SPB-61029,훈련원1팀
SPB-61042,영남1팀
SPB-61052,영남3팀
SPB-61054,영남1팀
SPB-61056,훈련원4팀
SPB-61061,상암1팀
SPB-61065,영남1팀
SPB-61068,개화4팀
SPB-61072,세종로2팀
SPB-61077,세종로 4팀
SPB-61079,훈련원1팀
SPB-61092,훈련원1팀
SPB-61093,영남3팀
SPB-61096,중랑2팀
SPB-61098,상암2팀
SPB-61105,영남3팀
SPB-61118,중랑1팀
SPB-61121,중랑1팀
SPB-61124,영남3팀
SPB-61131,훈련원4팀
SPB-61135,상암1팀
SPB-61138,영남3팀
SPB-61154,영남3팀
SPB-61159,중랑2팀
SPB-61169,영남1팀
SPB-61176,훈련원3팀
SPB-61178,훈련원3팀
SPB-61182,영남3팀
SPB-61200,훈련원1팀
SPB-61210,중랑1팀
SPB-61214,개화4팀
SPB-61218,중랑2팀
SPB-61219,세종로1팀
SPB-61223,중랑1팀
SPB-61225,영남1팀
SPB-61229,세종로1팀
SPB-61232,중랑2팀
SPB-61233,영남1팀
SPB-61236,영남1팀
SPB-61239,훈련원4팀
SPB-61247,세종로2팀
SPB-61249,세종로1팀
SPB-61253,훈련원1팀
SPB-61255,영남3팀
SPB-61266,영남1팀
SPB-61280,훈련원4팀
SPB-61281,영남3팀
SPB-61286,상암1팀
SPB-61289,상암1팀
SPB-61299,영남3팀
SPB-61301,훈련원1팀
SPB-61302,영남1팀
SPB-61304,영남1팀
SPB-61308,중랑1팀
SPB-61309,중랑1팀
SPB-61318,영남1팀
SPB-61320,영남3팀
SPB-61347,중랑2팀
SPB-61357,중랑2팀
SPB-61362,영남1팀
SPB-61371,훈련원1팀
SPB-61373,영남3팀
SPB-61378,세종로2팀
SPB-61381,훈련원3팀
SPB-61386,상암2팀
SPB-61390,상암1팀
SPB-61392,세종로1팀
SPB-61399,영남3팀
SPB-61401,상암1팀
SPB-61411,개화3팀
SPB-61415,중랑2팀
SPB-61416,개화3팀
SPB-61430,중랑2팀
SPB-61443,상암1팀
SPB-61444,훈련원4팀
SPB-61447,세종로1팀
SPB-61451,상암1팀
SPB-61452,훈련원3팀
SPB-61463,영남1팀
SPB-61465,중랑1팀
SPB-61467,영남1팀
SPB-61468,중랑2팀
SPB-61475,상암1팀
SPB-61485,중랑1팀
SPB-61486,영남1팀
SPB-61487,영남3팀
SPB-61488,영남1팀
SPB-61491,훈련원4팀
SPB-61497,훈련원1팀
SPB-61501,상암1팀
SPB-61505,중랑2팀
SPB-61506,상암1팀
SPB-61511,훈련원4팀
SPB-61512,중랑2팀
SPB-61513,영남3팀
SPB-61515,상암1팀
SPB-61524,중랑1팀
SPB-61526,훈련원4팀
SPB-61531,개화4팀
SPB-61532,중랑1팀
SPB-61534,상암1팀
SPB-61538,세종로2팀
SPB-61541,세종로2팀
SPB-61545,영남3팀
SPB-61546,상암1팀
SPB-61551,중랑1팀
SPB-61554,훈련원1팀
SPB-61555,영남1팀
SPB-61560,상암1팀
SPB-61562,영남1팀
SPB-61569,상암1팀
SPB-61580,훈련원4팀
SPB-61584,천왕1팀
SPB-61586,중랑1팀
SPB-61593,영남1팀
SPB-61595,중랑2팀
SPB-61599,개화4팀
SPB-61602,상암1팀
SPB-61603,훈련원4팀
SPB-61611,훈련원3팀
SPB-61618,상암1팀
SPB-61621,훈련원4팀
SPB-61623,중랑1팀
SPB-61626,영남1팀
SPB-61631,개화4팀
SPB-61632,훈련원3팀
SPB-61633,상암2팀
SPB-61635,상암1팀
SPB-61636,영남1팀
SPB-61640,훈련원3팀
SPB-61644,중랑2팀
SPB-61647,개화4팀
SPB-61648,영남1팀
SPB-61650,훈련원4팀
SPB-61652,상암1팀
SPB-61657,세종로2팀
SPB-61660,영남1팀
SPB-61664,영남3팀
SPB-61669,중랑1팀
SPB-61670,중랑1팀
SPB-61674,훈련원1팀
SPB-61682,상암1팀
SPB-61688,영남3팀
SPB-61691,영남1팀
SPB-61695,훈련원1팀
SPB-61708,훈련원4팀
SPB-61709,개화3팀
SPB-61710,훈련원1팀
SPB-61715,중랑1팀
SPB-61721,상암1팀
SPB-61724,중랑1팀
SPB-61730,영남1팀
SPB-61738,중랑1팀
SPB-61739,영남1팀
SPB-61741,중랑2팀
SPB-61748,상암1팀
SPB-61750,영남1팀
SPB-61753,상암1팀
SPB-61759,중랑2팀
SPB-61786,상암1팀
SPB-61794,세종로 4팀
SPB-61799,상암1팀
SPB-61802,중랑1팀
SPB-61817,상암1팀
SPB-61819,훈련원4팀
SPB-61822,개화3팀
SPB-61826,중랑1팀
SPB-61828,영남3팀
SPB-61829,훈련원3팀
SPB-61830,중랑2팀
SPB-61833,세종로1팀
SPB-61838,중랑2팀
SPB-61868,영남1팀
SPB-61872,상암2팀
SPB-61875,세종로 4팀
SPB-61882,상암1팀
SPB-61895,훈련원1팀
SPB-61897,훈련원4팀
SPB-61901,상암1팀
SPB-61908,상암1팀
SPB-61912,개화3팀
SPB-61924,영남1팀
SPB-61930,세종로 4팀
SPB-61931,세종로2팀
SPB-61932,영남1팀
SPB-61940,중랑2팀
SPB-61943,영남3팀
SPB-61944,영남1팀
SPB-61948,훈련원3팀
SPB-61963,훈련원4팀
SPB-61965,세종로1팀
SPB-61969,영남3팀
SPB-61979,영남1팀
SPB-61993,중랑1팀
SPB-61998,영남1팀
SPB-62008,영남1팀
SPB-62012,상암2팀
SPB-62017,영남1팀
SPB-62023,영남1팀
SPB-62025,중랑2팀
SPB-62036,영남3팀
SPB-62039,중랑2팀
SPB-62044,개화3팀
SPB-62058,개화4팀
SPB-62060,영남3팀
SPB-62065,상암1팀
SPB-62067,영남1팀
SPB-62075,훈련원1팀
SPB-62077,훈련원4팀
SPB-62080,훈련원4팀
SPB-62087,영남1팀
SPB-62088,영남3팀
SPB-62089,개화3팀
SPB-62091,세종로 4팀
SPB-62094,세종로1팀
SPB-62099,세종로2팀
SPB-62103,영남1팀
SPB-62113,훈련원4팀
SPB-62117,영남1팀
SPB-62126,훈련원1팀
SPB-62127,중랑2팀
SPB-62128,중랑1팀
SPB-62130,상암1팀
SPB-62137,중랑1팀
SPB-62147,영남1팀
SPB-62158,훈련원4팀
SPB-62160,중랑2팀
SPB-62168,영남1팀
SPB-62172,영남3팀
SPB-62182,중랑2팀
SPB-62183,영남3팀
SPB-62184,훈련원3팀
SPB-62185,중랑2팀
SPB-62186,훈련원3팀
SPB-62191,상암1팀
SPB-62202,훈련원1팀
SPB-62204,상암2팀
SPB-62216,개화4팀
SPB-62217,중랑1팀
SPB-62220,세종로1팀
SPB-62225,중랑1팀
SPB-62227,세종로2팀
SPB-62228,상암1팀
SPB-62230,중랑2팀
SPB-62242,중랑1팀
SPB-62243,중랑1팀
SPB-62245,훈련원3팀
SPB-62252,중랑2팀
SPB-62254,영남3팀
SPB-62258,세종로1팀
SPB-62265,영남1팀
SPB-62270,상암1팀
SPB-62287,훈련원3팀
SPB-62291,영남3팀
SPB-62304,개화3팀
SPB-62309,상암1팀
SPB-62310,세종로2팀
SPB-62319,중랑1팀
SPB-62327,상암2팀
SPB-62329,상암2팀
SPB-62336,상암2팀
SPB-62342,세종로2팀
SPB-62344,영남1팀
SPB-62357,개화4팀
SPB-62358,개화4팀
SPB-62379,개화3팀
SPB-62385,개화3팀
SPB-62387,영남1팀
SPB-62388,영남1팀
SPB-62392,영남1팀
SPB-62394,영남3팀
SPB-62395,세종로2팀
SPB-62398,상암1팀
SPB-62403,훈련원3팀
SPB-62406,상암1팀
SPB-62410,영남1팀
SPB-62414,개화3팀
SPB-62418,중랑2팀
SPB-62420,상암1팀
SPB-62421,세종로2팀
SPB-62431,영남1팀
SPB-62434,개화4팀
SPB-62441,상암1팀
SPB-62443,천왕1팀
SPB-62448,세종로2팀
SPB-62453,상암1팀
SPB-62455,영남3팀
SPB-62460,상암1팀
SPB-62464,중랑1팀
SPB-62473,영남1팀
SPB-62482,상암1팀
SPB-62485,천왕1팀
SPB-62488,훈련원3팀
SPB-62496,훈련원4팀
SPB-62504,영남1팀
SPB-62511,중랑2팀
SPB-62514,영남3팀
SPB-62520,영남3팀
SPB-62527,영남3팀
SPB-62542,개화3팀
SPB-62543,중랑2팀
SPB-62544,영남3팀
SPB-62550,중랑2팀
SPB-62559,중랑1팀
SPB-62562,상암1팀
SPB-62566,영남1팀
SPB-62569,중랑2팀
SPB-62580,영남1팀
SPB-62585,영남1팀
SPB-62595,중랑2팀
SPB-62597,중랑1팀
SPB-62600,훈련원1팀
SPB-62602,상암1팀
SPB-62605,상암1팀
SPB-62613,훈련원1팀
SPB-62617,영남3팀
SPB-62621,영남3팀
SPB-62628,세종로2팀
SPB-62633,영남1팀
SPB-62635,세종로2팀
SPB-62637,상암1팀
SPB-62638,영남3팀
SPB-62640,영남1팀
SPB-62661,영남1팀
SPB-62679,훈련원1팀
SPB-62681,영남1팀
SPB-62684,중랑1팀
SPB-62688,중랑2팀
SPB-62689,중랑1팀
SPB-62692,개화4팀
SPB-62694,영남3팀
SPB-62696,훈련원1팀
SPB-62703,영남1팀
SPB-62707,훈련원4팀
SPB-62716,중랑2팀
SPB-62718,상암1팀
SPB-62722,영남1팀
SPB-62725,중랑2팀
SPB-62726,영남3팀
SPB-62727,중랑1팀
SPB-62737,중랑2팀
SPB-62743,영남3팀
SPB-62744,상암1팀
SPB-62749,훈련원4팀
SPB-62754,상암1팀
SPB-62760,훈련원3팀
SPB-62765,영남3팀
SPB-62772,영남1팀
SPB-62774,개화3팀
SPB-62780,영남1팀
SPB-62786,상암2팀
SPB-62810,영남3팀
SPB-62820,상암2팀
SPB-62830,영남1팀
SPB-62831,상암1팀
SPB-62835,세종로2팀
SPB-62837,훈련원3팀
SPB-62839,중랑2팀
SPB-62840,영남3팀
SPB-62845,영남1팀
SPB-62846,상암1팀
SPB-62848,영남3팀
SPB-62849,영남3팀
SPB-62852,영남1팀
SPB-62855,중랑1팀
SPB-62856,훈련원3팀
SPB-62860,영남1팀
SPB-62864,영남1팀
SPB-62868,영남3팀
SPB-62869,영남3팀
SPB-62877,중랑1팀
SPB-62878,영남3팀
SPB-62880,상암1팀
SPB-62881,중랑1팀
SPB-62882,영남1팀
SPB-62883,중랑2팀
SPB-62886,영남1팀
SPB-62889,훈련원4팀
SPB-62890,상암1팀
SPB-62893,세종로2팀
SPB-62898,중랑2팀
SPB-62900,중랑2팀
SPB-62901,영남3팀
SPB-62902,상암1팀
SPB-62903,영남1팀
SPB-62905,영남1팀
SPB-62906,훈련원3팀
SPB-62909,상암2팀
SPB-62910,훈련원3팀
SPB-62912,세종로1팀
SPB-62924,훈련원4팀
SPB-62927,중랑2팀
SPB-62930,영남3팀
SPB-62933,상암2팀
SPB-62935,상암1팀
SPB-62940,영남1팀
SPB-62942,영남1팀
SPB-62946,천왕1팀
SPB-62948,상암1팀
SPB-62952,상암1팀
SPB-62956,상암1팀
SPB-62961,세종로2팀
SPB-62962,훈련원4팀
SPB-62965,영남1팀
SPB-62968,영남1팀
SPB-62970,훈련원3팀
SPB-62972,영남3팀
SPB-62975,영남1팀
SPB-62978,상암1팀
SPB-62983,훈련원3팀
SPB-62985,영남3팀
SPB-62986,상암1팀
SPB-62987,중랑2팀
SPB-62988,영남1팀
SPB-62989,영남3팀
SPB-62990,중랑1팀
SPB-62991,상암2팀
SPB-62992,영남3팀
SPB-62993,중랑2팀
SPB-62999,영남3팀
SPB-63001,영남1팀
SPB-63002,개화3팀
SPB-63004,영남1팀
SPB-63005,상암1팀
SPB-63009,개화3팀
SPB-63013,중랑1팀
SPB-63014,중랑1팀
SPB-63016,영남3팀
SPB-63017,상암2팀
SPB-63019,훈련원1팀
SPB-63020,상암1팀
SPB-63021,훈련원4팀
SPB-63024,중랑2팀
SPB-63026,상암1팀
SPB-63030,중랑2팀
SPB-63031,영남1팀
SPB-63040,개화3팀
SPB-63041,세종로2팀
SPB-63042,영남1팀
SPB-63051,세종로1팀
SPB-63054,훈련원3팀
SPB-63055,상암1팀
SPB-63057,훈련원3팀
SPB-63059,영남3팀
SPB-63060,상암2팀
SPB-63062,상암1팀
SPB-63063,개화2팀
SPB-63069,상암1팀
SPB-63070,영남1팀
SPB-63074,영남1팀
SPB-63081,영남1팀
SPB-63083,영남3팀
SPB-63084,영남1팀
SPB-63088,영남1팀
SPB-63096,훈련원3팀
SPB-63099,훈련원1팀
SPB-63102,훈련원4팀
SPB-63103,영남1팀
SPB-63104,훈련원1팀
SPB-63105,영남3팀
SPB-63107,영남1팀
SPB-63109,영남3팀
SPB-63113,천왕1팀
SPB-63115,훈련원3팀
SPB-63116,세종로1팀
SPB-63117,훈련원4팀
SPB-63118,상암1팀
SPB-63119,개화4팀
SPB-63120,훈련원3팀
SPB-63126,중랑1팀
SPB-63128,훈련원3팀
SPB-63130,훈련원3팀
SPB-63132,상암1팀
SPB-63134,영남3팀
SPB-63136,훈련원1팀
SPB-63139,개화3팀
SPB-63140,영남3팀
SPB-63141,영남1팀
SPB-63142,중랑2팀
SPB-63144,중랑1팀
SPB-63153,세종로1팀
SPB-63155,영남3팀
SPB-63156,상암1팀
SPB-63158,상암1팀
SPB-63161,영남1팀
SPB-63163,개화4팀
SPB-63170,훈련원3팀
SPB-63171,중랑1팀
SPB-63176,개화3팀
SPB-63184,개화4팀
SPB-63188,세종로2팀
SPB-63190,세종로2팀
SPB-63192,개화3팀
SPB-63198,세종로2팀
SPB-63199,상암1팀
SPB-63201,상암1팀
SPB-63202,상암1팀
SPB-63203,영남3팀
SPB-63207,영남3팀
SPB-63210,상암1팀
SPB-63212,영남3팀
SPB-63213,상암2팀
SPB-63214,영남1팀
SPB-63215,영남1팀
SPB-63216,중랑2팀
SPB-63217,훈련원3팀
SPB-63218,훈련원3팀
SPB-63219,영남1팀
SPB-63222,상암2팀
SPB-63224,훈련원4팀
SPB-63226,영남1팀
SPB-63227,개화3팀
SPB-63229,세종로1팀
SPB-63231,개화4팀
SPB-63232,훈련원1팀
SPB-63233,상암2팀
SPB-63234,영남1팀
SPB-63235,영남1팀
SPB-63238,중랑2팀
SPB-63240,중랑2팀
SPB-63241,훈련원4팀
SPB-63243,상암1팀
SPB-63244,훈련원4팀
SPB-63245,개화3팀
SPB-63246,상암1팀
SPB-63247,상암2팀
SPB-63250,영남3팀
SPB-63251,중랑2팀
SPB-63254,훈련원1팀
SPB-63255,영남1팀
SPB-63257,상암1팀
SPB-63263,상암1팀
SPB-63265,영남3팀
SPB-63266,영남1팀
SPB-63269,중랑2팀
SPB-63277,상암1팀
SPB-63279,상암1팀
SPB-63286,영남3팀
SPB-63287,영남1팀
SPB-63290,중랑2팀
SPB-63292,훈련원1팀
SPB-63294,영남3팀
SPB-63297,상암1팀
SPB-63299,영남1팀
SPB-63301,중랑2팀
SPB-63302,중랑1팀
SPB-63306,중랑1팀
SPB-63309,개화2팀
SPB-63311,영남1팀
SPB-63312,중랑1팀
SPB-63318,세종로 4팀
SPB-63321,상암1팀
SPB-63323,세종로 4팀
SPB-63330,상암1팀
SPB-63331,상암1팀
SPB-63333,영남3팀
SPB-63334,상암1팀
SPB-63337,훈련원3팀
SPB-63339,영남1팀
SPB-63340,훈련원1팀
SPB-63342,영남1팀
SPB-63344,영남1팀
SPB-63346,훈련원1팀
SPB-63348,중랑2팀
SPB-63351,개화3팀
SPB-63352,상암1팀
SPB-63357,개화3팀
SPB-63360,훈련원1팀
SPB-63362,상암1팀
SPB-63363,영남1팀
SPB-63366,상암1팀
SPB-63368,개화3팀
SPB-63371,영남1팀
SPB-63372,상암2팀
SPB-63373,훈련원4팀
SPB-63377,훈련원1팀
SPB-63381,영남3팀
SPB-63382,개화4팀
SPB-63383,중랑2팀
SPB-63395,상암1팀
SPB-63398,훈련원1팀
SPB-63403,훈련원4팀
SPB-63406,상암1팀
SPB-63407,상암1팀
SPB-63409,중랑2팀
SPB-63413,세종로2팀
SPB-63415,개화4팀
SPB-63418,영남3팀
SPB-63419,중랑2팀
SPB-63421,중랑1팀
SPB-63423,중랑2팀
SPB-63426,세종로1팀
SPB-63427,영남1팀
SPB-63428,영남1팀
SPB-63432,세종로2팀
SPB-63433,세종로1팀
SPB-63434,개화3팀
SPB-63436,훈련원4팀
SPB-63437,훈련원4팀
SPB-63438,중랑2팀
SPB-63440,훈련원4팀
SPB-63445,상암2팀
SPB-63446,훈련원3팀
SPB-63450,훈련원3팀
SPB-63452,훈련원3팀
SPB-63453,상암1팀
SPB-63456,영남1팀
SPB-63457,세종로1팀
SPB-63458,중랑1팀
SPB-63460,영남3팀
SPB-63463,영남3팀
SPB-63464,세종로1팀
SPB-63469,상암1팀
SPB-63470,영남1팀
SPB-63471,중랑1팀
SPB-63474,중랑2팀
SPB-63475,개화3팀
SPB-63476,영남1팀
SPB-63477,영남1팀
SPB-63479,상암1팀
SPB-63480,훈련원1팀
SPB-63481,상암1팀
SPB-63487,훈련원3팀
SPB-63490,영남3팀
SPB-63491,상암2팀
SPB-63493,훈련원1팀
SPB-63495,영남3팀
SPB-63498,상암1팀
SPB-63499,중랑2팀
SPB-63504,영남1팀
SPB-63505,중랑2팀
SPB-63506,상암1팀
SPB-63510,훈련원4팀
SPB-63511,상암2팀
SPB-63517,세종로 4팀
SPB-63518,훈련원3팀
SPB-63519,영남1팀
SPB-63522,개화3팀
SPB-63525,중랑1팀
SPB-63526,세종로2팀
SPB-63530,세종로2팀
SPB-63534,중랑1팀
SPB-63536,상암1팀
SPB-63537,개화3팀
SPB-63543,영남1팀
SPB-63544,중랑2팀
SPB-63546,중랑2팀
SPB-63547,상암1팀
SPB-63552,중랑2팀
SPB-63554,영남1팀
SPB-63555,훈련원3팀
SPB-63556,영남1팀
SPB-63557,훈련원1팀
SPB-63559,영남1팀
SPB-63561,영남1팀
SPB-63562,세종로2팀
SPB-63566,영남1팀
SPB-63569,중랑2팀
SPB-63570,상암1팀
SPB-63576,영남1팀
SPB-63584,중랑2팀
SPB-63586,중랑1팀
SPB-63587,중랑1팀
SPB-63593,훈련원4팀
SPB-63597,훈련원3팀
SPB-63598,세종로2팀
SPB-63600,중랑2팀
SPB-63602,상암1팀
SPB-63605,개화3팀
SPB-63606,중랑2팀
SPB-63607,상암1팀
SPB-63614,영남1팀
SPB-63616,영남1팀
SPB-63618,상암1팀
SPB-63622,훈련원3팀
SPB-63628,상암1팀
SPB-63632,영남3팀
SPB-63635,상암1팀
SPB-63636,영남1팀
SPB-63638,훈련원1팀
SPB-63640,영남3팀
SPB-63642,영남3팀
SPB-63643,상암1팀
SPB-63645,영남1팀
SPB-63648,영남1팀
SPB-63652,중랑2팀
SPB-63653,훈련원1팀
SPB-63655,세종로2팀
SPB-63658,상암1팀
SPB-63662,중랑1팀
SPB-63669,중랑1팀
SPB-63675,상암1팀
SPB-63677,상암1팀
SPB-63678,중랑2팀
SPB-63679,상암1팀
SPB-63681,세종로1팀
SPB-63682,훈련원4팀
SPB-63683,훈련원4팀
SPB-63686,영남3팀
SPB-63687,훈련원4팀
SPB-63688,세종로2팀
SPB-63690,훈련원3팀
SPB-63695,영남1팀
SPB-63697,상암1팀
SPB-63701,영남1팀
SPB-63709,세종로1팀
SPB-63711,상암1팀
SPB-63712,중랑2팀
SPB-63714,상암1팀
SPB-63720,세종로1팀
SPB-63724,중랑2팀
SPB-63725,상암1팀
SPB-63727,개화3팀
SPB-63729,세종로2팀
SPB-63731,훈련원4팀
SPB-63732,세종로1팀
SPB-63737,세종로2팀
SPB-63738,훈련원1팀
SPB-63739,훈련원3팀
SPB-63744,상암1팀
SPB-63746,상암1팀
SPB-63748,영남3팀
SPB-63752,영남1팀
SPB-63753,중랑1팀
SPB-63756,영남3팀
SPB-63757,영남3팀
SPB-63762,중랑2팀
SPB-63763,상암2팀
SPB-63767,훈련원4팀
SPB-63770,중랑2팀
SPB-63773,훈련원1팀
SPB-63774,영남1팀
SPB-63778,훈련원4팀
SPB-63780,중랑1팀
SPB-63788,중랑2팀
SPB-63791,중랑2팀
SPB-63794,훈련원1팀
SPB-63801,중랑2팀
SPB-63802,영남1팀
SPB-63806,훈련원3팀
SPB-63807,훈련원3팀
SPB-63810,영남3팀
SPB-63819,훈련원1팀
SPB-63821,영남3팀
SPB-63823,영남3팀
SPB-63836,상암1팀
SPB-63839,중랑2팀
SPB-63840,상암1팀
SPB-63847,중랑2팀
SPB-63849,상암2팀
SPB-63860,훈련원1팀
SPB-63863,세종로2팀
SPB-63867,상암1팀
SPB-63870,개화4팀
SPB-63871,세종로2팀
SPB-63881,세종로 4팀
SPB-63883,영남1팀
SPB-63890,중랑1팀
SPB-63897,훈련원1팀
SPB-63922,훈련원1팀
SPB-63924,세종로2팀
SPB-63927,세종로 4팀
SPB-63935,훈련원3팀
SPB-63937,훈련원4팀
SPB-63938,상암1팀
SPB-63951,영남1팀
SPB-63952,훈련원4팀
SPB-63955,훈련원4팀
SPB-63958,중랑2팀
SPB-63962,중랑2팀
SPB-63964,세종로2팀
SPB-63968,중랑1팀
SPB-63978,상암1팀
SPB-63980,영남1팀
SPB-63989,훈련원1팀
SPB-80004,상암1팀
SPB-80005,세종로2팀
SPB-80039,세종로1팀
SPB-80058,훈련원1팀
SPB-80074,훈련원4팀
SPB-80099,중랑2팀
SPB-80111,훈련원1팀
SPB-80135,훈련원1팀
SPB-80154,영남1팀
SPB-80156,중랑2팀
SPB-80186,중랑2팀
SPB-80190,상암1팀
SPB-80199,상암1팀
SPB-80201,상암2팀
SPB-80229,영남1팀
SPB-80235,상암1팀
SPB-80236,개화3팀
SPB-80245,영남3팀
SPB-80281,상암1팀
SPB-80297,중랑2팀
SPB-80311,영남1팀
SPB-80312,세종로1팀
SPB-80316,중랑2팀
SPB-80330,중랑2팀
SPB-80333,중랑2팀
SPB-80350,훈련원1팀
SPB-80353,영남3팀
SPB-80392,영남1팀
SPB-80400,훈련원1팀
SPB-80463,훈련원1팀
SPB-80472,세종로2팀
SPB-80480,영남1팀
SPB-80504,상암1팀
SPB-80514,세종로2팀
SPB-80531,중랑1팀
SPB-80532,상암1팀
SPB-80539,상암1팀
SPB-80540,상암2팀
SPB-80549,세종로1팀
SPB-80552,훈련원1팀
SPB-80564,훈련원1팀
SPB-80569,중랑2팀
SPB-80585,영남1팀
SPB-80624,세종로2팀
SPB-80626,개화3팀
SPB-80634,중랑2팀
SPB-80664,훈련원3팀
SPB-80678,영남3팀
SPB-80684,세종로 4팀
SPB-80694,훈련원1팀
SPB-80711,상암1팀
SPB-80718,상암1팀
SPB-80723,상암1팀
SPB-80731,영남3팀
SPB-80737,상암1팀
SPB-80744,영남3팀
SPB-80768,개화4팀
SPB-80771,영남1팀
SPB-80775,중랑2팀
SPB-80779,개화3팀
SPB-80813,상암1팀
SPB-80832,중랑1팀
SPB-80834,훈련원3팀
SPB-80881,영남3팀
SPB-80886,세종로1팀
SPB-80887,중랑2팀
SPB-80913,중랑1팀
SPB-80943,훈련원1팀
SPB-80946,중랑2팀
SPB-80991,훈련원1팀
SPB-81004,훈련원4팀
SPB-81018,중랑1팀
SPB-81019,중랑1팀
SPB-81022,세종로1팀
SPB-81027,훈련원1팀
SPB-81040,중랑2팀
SPB-81068,중랑1팀
SPB-81108,상암1팀
SPB-81110,영남3팀
SPB-81125,훈련원1팀
SPB-81126,상암1팀
SPB-81128,영남1팀
SPB-81131,영남3팀
SPB-81140,훈련원4팀
SPB-81143,상암1팀
SPB-81147,훈련원3팀
SPB-81190,영남1팀
SPB-81191,훈련원1팀
SPB-81236,중랑2팀
SPB-81247,중랑2팀
SPB-81248,상암1팀
SPB-81264,훈련원1팀
SPB-81297,세종로2팀
SPB-81301,세종로1팀
SPB-81302,훈련원1팀
SPB-81309,훈련원1팀
SPB-81318,상암1팀
SPB-81354,상암1팀
SPB-81355,훈련원1팀
SPB-81368,세종로1팀
SPB-81369,상암1팀
SPB-81372,상암1팀
SPB-81381,훈련원3팀
SPB-81388,상암1팀
SPB-81390,훈련원3팀
SPB-81392,상암1팀
SPB-81399,개화4팀
SPB-81409,훈련원1팀
SPB-81410,영남3팀
SPB-81466,훈련원1팀
SPB-81467,영남1팀
SPB-81470,훈련원4팀
SPB-81478,영남1팀
SPB-81479,훈련원4팀
SPB-81486,훈련원1팀
SPB-81501,중랑1팀
SPB-81503,영남1팀
SPB-81537,중랑1팀
SPB-81544,훈련원3팀
SPB-81575,영남3팀
SPB-81592,상암1팀
SPB-81601,영남1팀
SPB-81602,영남3팀
SPB-81613,영남3팀
SPB-81627,영남1팀
SPB-81637,세종로1팀
SPB-81639,중랑1팀
SPB-81649,영남1팀
SPB-81671,훈련원1팀
SPB-81691,상암1팀
SPB-81698,훈련원3팀
SPB-81705,상암1팀
SPB-81717,훈련원1팀
SPB-81757,영남3팀
SPB-81759,훈련원1팀
SPB-81771,중랑1팀
SPB-81777,영남1팀
SPB-81782,영남1팀
SPB-81784,중랑1팀
SPB-81791,영남3팀
SPB-81797,상암2팀
SPB-81807,세종로 4팀
SPB-81828,영남3팀
SPB-81843,개화3팀
SPB-81851,세종로2팀
SPB-81863,상암2팀
SPB-81882,개화3팀
SPB-81895,영남3팀
SPB-81899,영남1팀
SPB-81908,중랑2팀
SPB-81910,상암1팀
SPB-81911,상암1팀
SPB-81920,영남3팀
SPB-81940,영남1팀
SPB-82012,상암1팀
SPB-82016,영남3팀
SPB-82039,영남1팀
SPB-82046,중랑2팀
SPB-82063,중랑1팀
SPB-82092,중랑1팀
SPB-82105,상암1팀
SPB-82107,훈련원3팀
SPB-82115,상암1팀
SPB-82129,영남3팀
SPB-82131,세종로1팀
SPB-82154,중랑2팀
SPB-82166,개화4팀
SPB-82171,상암1팀
SPB-82173,세종로1팀
SPB-82194,중랑1팀
SPB-82196,세종로2팀
SPB-82204,중랑1팀
SPB-82206,영남3팀
SPB-82207,상암1팀
SPB-82209,영남3팀
SPB-82210,세종로1팀
SPB-82233,훈련원4팀
SPB-82254,상암1팀
SPB-82282,훈련원1팀
SPB-82316,상암1팀
SPB-82321,훈련원3팀
SPB-82328,상암1팀
SPB-82345,훈련원1팀
SPB-82348,상암1팀
SPB-82350,훈련원4팀
SPB-82358,훈련원1팀
SPB-82360,상암1팀
SPB-82384,중랑2팀
SPB-82390,중랑1팀
SPB-82394,훈련원1팀
SPB-82401,상암1팀
SPB-82407,영남1팀
SPB-82413,중랑1팀
SPB-82417,영남1팀
SPB-82429,세종로1팀
SPB-82437,상암1팀
SPB-82443,상암1팀
SPB-82454,상암1팀
SPB-82456,상암1팀
SPB-82460,훈련원3팀
SPB-82463,영남1팀
SPB-82508,훈련원4팀
SPB-82567,영남2팀
SPB-82572,영남1팀
SPB-82605,상암1팀
SPB-82637,천왕1팀
SPB-82648,중랑1팀
SPB-82667,상암1팀
SPB-82669,상암1팀
SPB-82683,훈련원4팀
SPB-82696,중랑2팀
SPB-82706,상암1팀
SPB-82736,훈련원3팀
SPB-82766,훈련원1팀
SPB-82777,영남1팀
SPB-82780,중랑2팀
SPB-82781,훈련원1팀
SPB-82805,훈련원1팀
SPB-82806,훈련원3팀
SPB-82810,훈련원1팀
SPB-82813,훈련원4팀
SPB-82822,영남1팀
SPB-82835,훈련원3팀
SPB-82852,상암1팀
SPB-82858,상암1팀
SPB-82875,훈련원3팀
SPB-82880,영남1팀
SPB-82895,중랑1팀
SPB-82906,상암2팀
SPB-82939,세종로2팀
SPB-82968,상암1팀
SPB-82991,중랑1팀
SPB-83044,영남1팀
SPB-83060,훈련원3팀
SPB-83063,훈련원1팀
SPB-83099,영남3팀
SPB-83101,중랑1팀
SPB-83123,영남3팀
SPB-83144,세종로2팀
SPB-83167,훈련원4팀
SPB-83174,훈련원1팀
SPB-83178,중랑1팀
SPB-83179,훈련원1팀
SPB-83202,영남1팀
SPB-83216,중랑1팀
SPB-83221,훈련원3팀
SPB-83229,상암1팀
SPB-83233,중랑2팀
SPB-83236,훈련원3팀
SPB-83244,훈련원1팀
SPB-83277,훈련원4팀
SPB-83279,중랑2팀
SPB-83300,훈련원4팀
SPB-83319,세종로2팀
SPB-83323,상암1팀
SPB-83339,영남3팀
SPB-83346,상암1팀
SPB-83350,개화4팀
SPB-83352,영남3팀
SPB-83361,영남3팀
SPB-83369,세종로1팀
SPB-83384,영남1팀
SPB-83409,영남1팀
SPB-83419,중랑1팀
SPB-83423,상암1팀
SPB-83435,중랑2팀
SPB-83480,훈련원1팀
SPB-83489,상암1팀
SPB-83527,영남1팀
SPB-83536,세종로2팀
SPB-83542,영남3팀
SPB-83548,영남3팀
SPB-83560,중랑1팀
SPB-83582,영남3팀
SPB-83618,훈련원1팀
SPB-83632,훈련원1팀
SPB-83640,훈련원1팀
SPB-83659,세종로2팀
SPB-83661,세종로2팀
SPB-83664,개화3팀
SPB-83665,세종로2팀
SPB-83669,영남3팀
SPB-83689,영남3팀
SPB-83698,상암1팀
SPB-83700,상암1팀
SPB-83708,상암1팀
SPB-83750,중랑1팀
SPB-83756,영남1팀
SPB-83760,훈련원1팀
SPB-83762,훈련원1팀
SPB-83763,상암1팀
SPB-83776,중랑1팀
SPB-83803,상암1팀
SPB-83811,영남3팀
SPB-83818,영남3팀
SPB-83837,상암1팀
SPB-83843,상암1팀
SPB-83849,중랑1팀
SPB-83852,훈련원4팀
SPB-83859,중랑1팀
SPB-83879,훈련원1팀
SPB-83881,영남3팀
SPB-83887,개화3팀
SPB-83913,상암1팀
SPB-83928,영남3팀
SPB-83947,영남3팀
SPB-83972,상암1팀
SPB-83976,세종로1팀
SPB-84006,상암1팀
SPB-84018,상암1팀
SPB-84024,훈련원1팀
SPB-84031,개화4팀
SPB-84038,세종로2팀
SPB-84060,중랑2팀
SPB-84066,중랑1팀
SPB-84071,상암1팀
SPB-84091,훈련원1팀
SPB-84093,세종로1팀
SPB-84105,영남1팀
SPB-84117,개화3팀
SPB-84118,중랑1팀
SPB-84132,훈련원1팀
SPB-84134,영남1팀
SPB-84135,영남3팀
SPB-84139,중랑1팀
SPB-84154,영남3팀
SPB-84160,중랑1팀
SPB-84177,개화2팀
SPB-84179,상암1팀
SPB-84189,세종로2팀
SPB-84194,상암1팀
SPB-84200,훈련원4팀
SPB-84208,영남1팀
SPB-84212,상암2팀
SPB-84225,영남1팀
SPB-84240,상암1팀
SPB-84249,영남1팀
SPB-84260,훈련원3팀
SPB-84264,중랑2팀
SPB-84268,훈련원4팀
SPB-84273,중랑2팀
SPB-84276,상암1팀
SPB-84307,세종로 4팀
SPB-84321,중랑2팀
SPB-84328,영남1팀
SPB-84330,세종로2팀
SPB-84355,훈련원3팀
SPB-84367,상암1팀
SPB-84400,중랑1팀
SPB-84410,중랑2팀
SPB-84439,상암1팀
SPB-84442,상암1팀
SPB-84452,훈련원3팀
SPB-84456,영남3팀
SPB-84459,영남3팀
SPB-84475,상암2팀
SPB-84485,상암2팀
SPB-84489,훈련원4팀
SPB-84494,영남1팀
SPB-84502,중랑1팀
SPB-84506,영남1팀
SPB-84559,영남1팀
SPB-84571,훈련원3팀
SPB-84576,훈련원1팀
SPB-84585,세종로1팀
SPB-84593,중랑2팀
SPB-84607,세종로1팀
SPB-84613,상암2팀
SPB-84634,훈련원3팀
SPB-84648,세종로1팀
SPB-84654,중랑2팀
SPB-84655,영남1팀
SPB-84663,중랑2팀
SPB-84672,중랑1팀
SPB-84682,영남3팀
SPB-84685,영남3팀
SPB-84691,상암1팀
SPB-84692,훈련원3팀
SPB-84710,세종로2팀
SPB-84713,중랑1팀
SPB-84718,상암1팀
SPB-84719,영남1팀
SPB-84736,상암1팀
SPB-84741,세종로1팀
SPB-84745,훈련원4팀
SPB-84747,훈련원1팀
SPB-84748,훈련원3팀
SPB-84750,영남3팀
SPB-84752,상암1팀
SPB-84760,상암1팀
SPB-84763,훈련원1팀
SPB-84764,영남1팀
SPB-84765,세종로2팀
SPB-84770,세종로1팀
SPB-84793,영남1팀
SPB-84801,훈련원1팀
SPB-84817,훈련원3팀
SPB-84819,영남1팀
SPB-84830,영남1팀
SPB-84831,중랑2팀
SPB-84844,영남1팀
SPB-84851,상암1팀
SPB-84859,중랑2팀
SPB-84863,중랑1팀
SPB-84869,중랑2팀
SPB-84901,훈련원1팀
SPB-84911,영남3팀
SPB-84927,중랑1팀
SPB-84930,훈련원1팀
SPB-84944,세종로2팀
SPB-84950,세종로 4팀
SPB-84964,중랑1팀
SPB-84970,훈련원3팀
SPB-84973,상암1팀
SPB-84975,상암1팀
SPB-84976,중랑2팀
['SPB-84991'],상암1팀
